dates,psl,tcc,uas,vas,tas,tdps,rsds,rlds,tp
1993-08-01,101197.60698,0.156506762008667,3.6135370727539,3.19675504760742,14.0488239257813,9.05062502685549,206.503659755131,321.473045167374,1.55874794006347
1993-08-02,101832.92863375,0.969721929931641,0.667865792236327,2.5918559765625,14.0099618359375,10.0791150073242,107.039234736991,346.56549156446,14.6141887664795
1993-08-03,101132.7063025,0.707953203277588,-0.300013520507815,3.06726559448242,13.1695559985352,12.3424254785156,179.255163924382,334.145635210325,1.45249839782715
1993-08-04,101021.12283125,0.752029650878906,1.81129496582031,4.01846971313476,13.4143409350586,10.6205612866211,223.88683840662,320.426622498678,0.750298538208009
1993-08-05,100921.20619,0.524162746124268,2.21852435424804,2.76793925292968,13.8422599853516,10.3281653955078,211.816882121913,315.949157052524,3.66921829223633
1993-08-06,101164.709204375,0.774187463684082,0.789051834716794,2.4836326184082,13.790837475586,10.1291352832031,74.9175141327294,360.890573292399,15.2667088317871
1993-08-07,100552.039380625,0.877364956665039,-0.152336081542972,2.47705904541015,12.9866749145508,11.9808356884766,156.49764257207,337.333159480908,1.79579818725586
1993-08-08,100300.868111875,0.705871507034302,0.507043631591795,-0.506046149902347,14.1586432055664,11.2454953417969,136.858784418283,339.778129168427,1.37317428588867
1993-08-09,100559.11151875,0.920479154281616,-0.726180417480471,-1.16613937133789,14.0833291918946,11.0753987304688,157.560771323774,341.615453795762,8.50408798217773
1993-08-10,100375.57614125,0.916999004058838,-2.87395849365234,-3.97560655151367,14.237419819336,10.3741441699219,51.018694219191,359.21819829589,12.1994636535645
1993-08-11,100102.5500325,0.857929968643189,0.542156575927729,1.19842730957031,12.8285459790039,11.8716735620117,183.074320150409,320.311733057638,0.149124298095703
1993-08-12,100748.8157325,0.564425780410767,0.849233244628904,2.99349426025391,13.1482779199219,9.77584433105471,115.474458671495,333.433675342416,6.43337631225586
1993-08-13,100996.562550625,0.808875243072509,0.552485106201169,2.95386465209961,12.2823170092774,10.587698581543,54.5599836393234,344.15039239976,16.3406607055664
1993-08-14,100672.998666875,0.949498128051758,-0.735612435302738,4.08838080810546,12.0983009838867,10.8249813867188,122.080313531418,341.055693281687,6.72794952392579
1993-08-15,100401.77812,0.763017595977784,1.16943736572265,-0.154671604003909,12.1880585961914,9.88204539550783,131.343856107687,337.1629796297,7.47624542236328
1993-08-16,100930.065348125,0.67141632270813,-0.951365632324219,-2.06124497680664,12.5404588549805,10.7195636523438,182.212027120603,324.844289921436,3.31060134887696
1993-08-17,101214.486663125,0.710145262908936,-0.133380529785156,-2.01979573608398,14.6097324902344,11.0778968725586,111.631372853891,344.162057936394,4.17853424072266
1993-08-18,101309.97948,0.630188558883667,-0.583978621826172,-1.83781286132813,14.2104011083985,12.6169586865235,116.494211556986,340.995994695294,0.813279571533203
1993-08-19,101484.167961875,0.671871873016358,-0.729705070800781,-1.97265003417969,14.1501377636719,12.3250518872071,201.166104004321,317.737541726716,0.153639526367188
1993-08-20,101809.791066875,0.243545563278199,-0.375196967773437,-1.57051973510742,15.0731802807617,11.7711351074219,186.3477464352,319.827052339356,0.313866271972657
1993-08-21,101697.386125313,0.40934707244873,-0.117948132324219,1.59990788208008,14.9758643847656,12.5425699023438,168.036393354872,320.612396536989,0.176851806640625
1993-08-22,101076.274061875,0.776190766677857,0.341896333007811,2.91485817749023,13.584009428711,10.5682275439453,101.705286392319,345.221436526456,4.29636444091797
1993-08-23,100239.287570625,0.867124198379517,-2.6171348828125,2.20398086914062,13.3113077685547,11.1865519482422,41.8888442773438,354.02713724907,24.5019546508789
1993-08-24,99470.1520575,0.95263582824707,-5.01923615478515,0.203952874755855,12.2173634692383,11.4778840795899,64.6964337601806,354.993512020018,32.5144647216797
1993-08-25,98616.569035625,0.998689616546631,0.0479117944335904,-2.58565119506836,12.2696926220703,10.961608491211,67.7198097626186,341.917896830043,16.7960440063477
1993-08-26,98588.861508125,0.800690073165894,-1.16479388183594,-3.2119355065918,11.475885065918,9.75967959472658,139.796701961914,316.496650430177,0.662737426757813
1993-08-27,99829.40675,0.616504071502685,0.904795959472657,-1.69878773925781,12.6518737841797,9.09230396972658,171.894831581887,296.25302520038,0.0287808227539062
1993-08-28,101305.082970625,0.71427983215332,0.835650156250001,0.811356489257812,12.417077397461,8.16036990722658,200.608179697007,305.4019746318,0
1993-08-29,102055.066873125,0.591839477310181,0.51542735595703,2.23118165161133,13.5714535864258,10.4657022753906,64.4587387919974,367.397537283429,0.76013641357422
1993-08-30,102154.92458125,0.943696158752441,-0.596936416015625,1.52755758911133,13.8633660839844,11.6256822094727,96.0797395725123,344.345988893873,0.330258483886719
1993-08-31,101750.2246,0.66801750869751,0.452997657470702,1.7376146459961,13.3921834106445,10.4693082666016,143.222411215323,336.371550219395,0.374684143066406
1993-09-01,101225.066924375,0.811262288513184,1.09937187011719,3.00483729736328,13.4253529882813,10.2517157250977,71.2277442907882,349.405102964916,14.4871566772461
1993-09-02,100016.95398125,0.99610602394104,-2.27245651977539,2.62565606811523,12.3876465673828,11.1600135058594,82.3084387014934,344.455780381152,7.40329559326172
1993-09-03,99527.32109125,0.849331415176392,0.833082696533201,-0.731851416015627,11.9588188232422,10.5451133886719,133.923931288389,319.106143082005,0.42590606689453
1993-09-04,100697.919164375,0.634792533950806,1.82575895141601,0.376207443847655,12.0795373095703,6.79578609375002,169.561847514209,296.562470780344,0.236366882324218
1993-09-05,101577.348190625,0.625249018707275,-0.0325923461914069,2.04217831665039,12.027285690918,8.34064932128908,39.9905328862904,357.319884652986,10.3251559448242
1993-09-06,101231.298046875,0.982268538665771,-2.24113085327148,1.7619951586914,12.5734591650391,11.9309739135742,110.974582329526,357.706754561252,15.9253833007812
1993-09-07,101133.993188437,0.818777135696411,-0.734487156524659,2.27655971435547,15.0215394726563,13.4535005810547,128.243549287884,334.404657163593,10.2291604614258
1993-09-08,101117.332228125,0.632191819229126,2.46877022094726,5.78363503051758,12.8607120776367,9.63515873779299,124.025869231768,316.554921698554,3.77492340087891
1993-09-09,101507.8753275,0.687683816146851,2.62931901489257,4.72897649169922,11.9441937353516,8.06467760742189,95.7599937887667,309.801497586871,13.1615866088867
1993-09-10,101097.607536563,0.807367739486694,-0.230203223876957,2.85752342285156,10.2240945654297,8.02196921630861,87.0938582910991,329.353644778587,9.04792297363282
1993-09-11,100481.611536875,0.702527962112427,0.969515310058594,-2.21362522094727,10.0200342797852,7.67210416259768,153.458349538197,272.23008467868,0
1993-09-12,101582.98245,0.318752865371704,0.442804116210938,-2.71176242431641,9.34971269531252,2.76689390625002,77.8030299170275,320.063635604227,3.97963195800781
1993-09-13,100914.53853375,0.978563839187622,-0.0634805615234388,1.59150478271484,9.14784884521486,7.16083273925783,97.868613846532,333.007933981166,0.895432434082034
1993-09-14,101084.908245,0.871863248138428,0.666454023437497,2.13172824829101,11.6566166503906,9.96181566894533,109.616093207714,327.221926417841,0.40332275390625
1993-09-15,101518.08955125,0.333522448730469,3.02908033569336,1.45655503662109,12.6687416894531,9.52063967041018,160.99525615928,272.347326474448,0
1993-09-16,102565.085824375,0.246140812911988,2.37917438720703,-0.850533854980469,10.9933768847656,5.43597092529299,154.527063828677,283.826460093051,0
1993-09-17,103007.34215875,0.210733423309326,0.79599212524414,1.43725182739258,10.8132441894531,6.80956122070314,141.922796383899,295.981060851667,0
1993-09-18,102604.6452375,0.519476947021485,1.47062067993164,3.90681788085937,11.9776819580078,10.0757608691406,55.1743293786292,326.130220491011,0.390261535644531
1993-09-19,102115.071919062,0.503628321914673,3.23353550170898,2.81179992797851,11.8854360839844,8.71289798828127,133.295811805784,307.496646961142,0.300234680175781
1993-09-20,101813.7687975,0.606149445495606,3.18306465576171,3.22685338256836,12.9302648901367,9.93366213134767,105.68971070832,319.56381142461,4.51156921386719
1993-09-21,100254.098695,0.657048254547119,3.61366426757812,0.328244970703124,11.1755299145508,7.92639068847658,147.902275642084,255.861651921852,0.337999267578124
1993-09-22,100615.805259375,0.103955621948242,2.61506776977539,-4.75085116821289,7.36082583007814,-3.11314462402342,114.878567207175,264.286024897212,0.020924072265625
1993-09-23,100372.530516875,0.732374755859375,1.23683617431641,-1.02753829101563,6.67863938232424,0.321359729003926,95.2947710784509,293.986511509304,0.75766571044922
1993-09-24,100159.568676875,0.473104837112427,2.29926995117187,2.16882227294922,9.09076367431642,5.98876467529299,124.80036614433,274.879622590487,0.01654052734375
1993-09-25,100917.4055875,0.459603237686157,4.47627853271484,1.60133716552734,9.58433942382814,4.54647964599611,123.088516080234,282.198963421485,0.0243145751953127
1993-09-26,101933.970413125,0.740498403015137,2.23131707397461,1.4649401953125,10.0398153833008,6.91807966064455,46.4861586887182,348.578234396715,0.312974548339844
1993-09-27,102109.01408125,0.923455550842285,0.737379425048828,2.37168530151367,11.7930051123047,10.8336306542969,58.5878428437386,350.471455182152,3.45447204589844
1993-09-28,101827.299235625,0.921284307479859,-1.0058421472168,1.76188149902344,12.2269682910156,10.8698934545899,80.6248213978306,331.634087709204,0.176388854980469
1993-09-29,102167.454911875,0.982196281967163,0.938746813964842,0.495872722167969,12.0627436181641,10.4948876806641,111.375816440143,290.907220385808,0
1993-09-30,102199.076761875,0.517453079833985,2.92684479614258,1.14993030273437,11.3838066235352,7.77879000976564,103.080673167442,265.025840933093,0
1993-10-01,102550.945733125,0.903285991134643,1.7971830859375,-2.12452522705078,8.41104637451174,2.10290715087892,117.470253406012,252.02232645848,0
1993-10-02,102348.275819687,0.373090577926636,0.0769850329589858,-2.26320238891601,6.26748364746096,1.65620435302736,90.5324860584796,272.331887783586,0
1993-10-03,101880.472995625,0.941194955825806,-0.886075028076171,-0.441176870117187,6.69451750000002,3.62333104492189,62.6629871278059,304.595893019245,0.248504638671875
1993-10-04,102303.957845,0.983330934829712,-0.993645532226561,0.54356314819336,7.35614196044924,4.3945352636719,37.906280227355,312.355047384318,0.836636962890624
1993-10-05,102711.2032,0.935583044281006,0.112575821533205,0.45785413696289,6.68860721435549,4.92973670166018,82.3038273845981,288.263454323821,0.030517578125
1993-10-06,102549.369815625,0.987206481018067,0.361387945556641,0.893510493164063,6.52460696777346,4.91655223632814,71.721108976383,292.465026296719,0.0625473022460935
1993-10-07,102393.084044375,0.999224413452148,2.2261218395996,2.50963950317383,8.29887949462892,6.47003224365236,50.0725605077858,314.078847429392,0.239660339355468
1993-10-08,102485.23537125,0.888289295501709,1.56127158935547,3.50118533935547,8.96786040771486,6.50679043945315,60.5405281415784,315.710902795649,0.299877319335938
1993-10-09,102054.98566875,0.656988274841309,-1.72323748657226,3.47388904418945,8.83399950927736,5.72461297851564,22.7547112792277,338.161249144976,1.35283081054688
1993-10-10,101513.887205625,0.992652963256836,-0.593301082763673,5.49444065673828,10.1005615185547,8.62836605712893,16.5242366723555,333.882555777003,2.36815063476562
1993-10-11,101642.367635625,0.781671696090698,1.86687281860351,4.04105822021484,10.0552196118164,8.94355282714846,51.2953810551306,316.075080682273,4.19730468750001
1993-10-12,101866.991656875,0.997164842605591,1.45437723510742,3.53205603271484,9.5374163598633,8.12500518310549,27.2519041258449,348.98263935066,2.19842651367187
1993-10-13,100793.001973125,0.888954245300293,3.34869283203124,4.2543004321289,11.974377421875,10.7600367333985,87.0356334819647,267.293949882867,0.356135253906249
1993-10-14,101203.745651875,0.429019208602905,2.03660446044922,0.619374764404296,7.23213364257814,3.78903413085939,68.0328474005775,285.838891503193,0.0750567626953122
1993-10-15,101346.573814375,0.88760958984375,2.24452837768554,2.89491739257812,8.16801705810548,5.76529383300783,34.8397658697314,333.806940988804,0.858565673828123
1993-10-16,101049.185985,0.984180249786377,1.56047737915039,4.65258104980469,10.4138065917969,8.97942377441408,34.6191517844246,329.431162025375,1.47699096679687
1993-10-17,100839.06241875,0.855023472671509,1.21733457519531,4.15582354858398,10.2050088671875,7.99594544433596,24.2867334955112,325.538356284532,11.9987921142578
1993-10-18,100678.354345,0.947149495315552,1.58495185913086,0.967504195556641,7.6870632763672,6.60049891357424,47.6535213592879,286.496044220024,2.99589172363281
1993-10-19,100567.640896875,0.819478943328857,0.498314458007811,0.831695986328125,5.69781607177736,4.34584761962893,13.1141735171426,326.077219028186,15.5636352539062
1993-10-20,99003.2326525,0.841751207733154,-0.630463408203129,6.19968355346679,8.05079583984377,7.11852837402346,39.9299123446659,296.401987281279,5.07738769531249
1993-10-21,97961.936434375,0.782034556427002,2.70915205566405,5.99345372558593,7.34911881103517,5.06073983886721,49.4584399535859,255.582321886843,0.0626885986328127
1993-10-22,99011.9145225,0.473130040664673,5.06703797973632,2.03334552856445,5.1609710864258,-0.83938009277342,54.4636432880501,250.534536522923,0.0785302734374997
1993-10-23,99116.317278125,0.865481843566894,1.50785191650391,-0.218718100585937,2.77436169677736,-1.36019848876951,69.8956881078202,226.415955383037,0.0575616455078125
1993-10-24,100352.72502,0.105216669464111,2.0420777734375,-1.48096701416015,1.98975243408205,-3.53715754882811,60.8450547306814,220.162220813982,0
1993-10-25,101183.875454375,0.204926180801391,-0.871241040039059,-3.4031881274414,0.191708874511737,-5.32577060546873,64.8249755816006,211.311564373859,0
1993-10-26,101871.74155375,0.128797434692383,-1.26688116333007,-1.46168401489258,0.325405056152364,-4.16785318603514,59.6475795966372,230.064086839635,0.0279541015624999
1993-10-27,101806.75343375,0.487230662384033,-2.05588423461914,-2.13181991455078,-0.152313845214828,-4.15255948730467,15.0978886114673,298.299306909718,9.59581054687499
1993-10-28,100896.56537875,1,-6.20184706176757,-1.46022885131836,1.99996281738283,-1.97008857666015,14.9701237971812,326.387411274554,32.7783135986328
1993-10-29,98802.690490625,0.9547991381073,-4.34084857055664,0.534844118652337,4.69561534912111,4.07711671142579,20.0078531053814,313.366744805978,13.8214508056641
1993-10-30,98560.053581875,0.931906700668335,-2.1057677355957,4.40571669921874,5.33571232177736,3.90439418945314,20.5843193913541,305.793759264263,8.57134887695313
1993-10-31,98926.674395,0.894746358642578,-2.42612937255859,1.07962029418945,4.22113812500002,3.57452219482424,18.1794069341798,314.152273892435,3.16449768066407
1993-11-01,99366.396375,0.944435527496338,-2.10655558471679,-1.11592332763672,3.95081826416017,3.22879688476564,39.6147989741044,273.137865573956,0.351882934570312
1993-11-02,100171.058249375,0.799953656997681,-2.20233415893554,-0.728829517822264,1.39844063232424,-0.354058720703107,7.19095782433752,312.203060237817,15.2160412597656
1993-11-03,100453.169338437,0.999972849578857,-2.23099568603515,-3.72921577514648,0.612510244140642,-0.812586843261702,42.8777927884931,260.929462167612,0.636318969726563
1993-11-04,100433.11653625,0.370523777618409,2.06751384277343,0.407012520751951,0.561339328613293,-0.873292187499987,34.6404969620963,285.594754818759,2.43001403808594
1993-11-05,101071.196184375,0.89928422958374,0.353639616699216,3.46860003173828,1.64658020996095,0.229546828613296,10.3812855902306,299.579944562637,5.94973022460937
1993-11-06,100015.171599375,0.49126037651062,1.46342406982421,4.73209240600586,5.04909524169923,4.04032955810549,28.4511169777959,277.2813511673,2.02296997070312
1993-11-07,99819.062228125,0.659429554214478,0.945426048583981,2.97375055175781,3.93196895507814,2.84186583984377,22.8321730593685,288.695235149612,0.0935778808593751
1993-11-08,99951.635130625,0.934223235473633,0.294616066894532,-0.491002905273436,0.260630834960956,-0.251116547851544,21.4239384143266,282.944761321927,0.1702880859375
1993-11-09,100339.82867125,0.967458048782348,-0.302196754150389,-1.09437940063476,-2.02459790283201,-2.97524302490233,27.1806747583251,246.845241228963,0.0575616455078125
1993-11-10,101208.828555625,0.397962531204223,0.54229426879883,-2.46920795532226,-3.15271304199217,-5.18043825683592,35.6082979843932,231.928298094544,0.000538330078125023
1993-11-11,102584.315955,0.560436842498779,0.784186042480469,-0.582454162597657,-2.18503024169921,-4.26734319335936,32.3212894821613,255.516971746883,0.0500378417968748
1993-11-12,102879.7632125,0.939035256118774,2.82671846435546,2.97674298095703,2.44799869873048,0.995800527343764,9.05443236839423,322.277662676741,1.83989624023437
1993-11-13,100489.287190625,0.704291330947876,4.65686341918945,6.25881228515625,7.02376277099611,5.09668814697267,28.4074794227859,229.41240209125,0
1993-11-14,99575.5387425,0.317499859695434,3.18720858154296,0.523286282958987,1.06430735595705,-3.63930197509764,11.8355774635049,253.398859781348,3.566513671875
1993-11-15,97933.094166875,0.758155190124512,3.20764445922851,-0.251873024902343,-0.0593063330077988,-3.51219027587889,30.7405374459937,224.769156318266,0.162225952148437
1993-11-16,98600.029498125,0.168255373077392,2.45289365844726,-1.73274340698242,0.0177838500976706,-4.33858337890623,27.287694098432,231.645637216263,0.501559448242187
1993-11-17,99233.4374621875,0.720404385299683,-0.233277344970701,-1.05284245361328,-2.50197044433592,-4.47330251953123,23.2349993472033,233.680068500142,0.0877075195312501
1993-11-18,100688.7683625,0.500194817962647,0.782027928466797,-1.20365598754883,-3.44356552490233,-5.21435169677733,25.2850011144913,231.344126211283,0.509071655273437
1993-11-19,102328.530655625,0.922233392028809,-0.0516632995605454,-0.134901434326172,-3.12970783935545,-5.22627711181639,16.7938064737632,296.821177652242,4.03840270996093
1993-11-20,101172.5024075,0.987368511047363,2.69921637695312,3.4908252355957,4.01187239746095,2.97577613769532,22.1897611966087,263.652380557292,0.230530395507813
1993-11-21,99603.5627,0.275454182891846,6.62663468505859,3.22297149536133,5.97643418457033,0.0246171289062659,25.7053567591186,210.291902510558,0
1993-11-22,100234.24226,0.0278895727539063,4.890073046875,-1.50740306274414,-0.302477868652328,-8.75035509277342,23.2658937955877,205.100798915604,0
1993-11-23,101274.024105625,0.142125148086548,2.2021907824707,-1.8439675805664,-2.7542993823242,-7.89635464843748,19.6942361491079,199.248448501558,0
1993-11-24,101964.4705425,0.503285256729126,1.8260937121582,-2.01266154663086,-4.76702576904295,-10.6181075512695,14.9473606644531,249.038643716144,2.56612854003906
1993-11-25,101334.6805225,0.999823731918335,0.85155289550781,1.29072297485351,-3.70649040283202,-6.75257557617186,9.46858333372415,293.11001427709,0.860180664062498
1993-11-26,98872.677913125,0.630298101959228,3.83040838745117,3.16959296684265,3.40190020751954,1.67048036132814,21.5221968686285,207.322232444771,0
1993-11-27,99920.2736575,0.0209699548339843,3.7836808984375,-2.14172066040039,-1.76777155029295,-8.72368699462889,21.074602833589,200.883816696279,0
1993-11-28,101141.596942187,0.150627562026978,1.56331976860046,-1.21792756591797,-4.47248175781249,-9.55342877441405,18.7980847608496,223.260896819544,0.872196655273437
1993-11-29,100687.8211625,0.731292769775391,-2.00856223754882,-0.876977404785158,-6.00902812499999,-8.80391874511717,9.46092988456632,274.22528397637,4.74820739746093
1993-11-30,100521.30911875,0.96501817817688,-0.489549804687499,1.18582217407227,-2.9811135986328,-5.04680962402342,18.5610781479797,240.994736858712,1.63889892578125
1994-08-01,101576.476223125,0.588521467208862,-2.11729328491211,0.278759510498046,22.2276695947266,15.0851760864258,160.607738073464,378.456032116763,8.66503494262696
1994-08-02,101412.532465625,0.854768786621094,-0.762074628906251,1.87253241943359,19.7668727685547,17.097542163086,257.087065416432,344.621540352434,0.0718014907836916
1994-08-03,101646.282338125,0.218478478622437,1.06517720703125,1.21887585205078,20.3999111206055,15.1721125463867,233.512997981173,348.963212987128,0.124968719482422
1994-08-04,101867.4831525,0.380904749069214,-0.362009815673828,1.42974570800781,19.9588295092774,15.3088276196289,198.382490169339,348.746366189384,0.0527331542968752
1994-08-05,101840.22550625,0.530937856369019,-0.723999553222657,-1.47040485595703,18.460393293457,14.0247815039063,214.661486750241,354.964404237671,0.0702090454101563
1994-08-06,101826.153864375,0.631315094528198,-0.0667420617675784,0.982485203857422,20.4526709765625,14.646301484375,233.020528821189,345.831826711599,0.0799067687988283
1994-08-07,101548.12637125,0.272084745635986,2.28995850097656,3.08153346313476,19.9190921850586,13.7721548754883,177.63706790136,338.95051796345,0.0697387695312502
1994-08-08,100544.54522125,0.68917512550354,1.89846377563476,2.38831387695312,18.3077777050781,12.6284364086914,248.062293245005,321.194303176602,0.0246345520019531
1994-08-09,100303.359748125,0.101713413085937,3.50143651367187,0.964646740722655,19.3392856982422,9.48944006835939,270.1780733121,296.414086714057,0
1994-08-10,100928.33284625,0.353168078079224,3.92344459960937,-0.148715960693359,17.2632893334961,5.0818378833008,248.051251115558,317.007903109475,0
1994-08-11,101453.49899125,0.698080980758668,4.37700165161132,2.07963765625,18.9631640185547,9.60739102783205,221.365572094106,332.943779929674,0.0191043090820314
1994-08-12,101703.443023125,0.244747088623047,3.50147224853515,1.72802479248047,19.1532427685547,11.3772177856445,250.252372474097,321.498010684512,0
1994-08-13,101303.007929375,0.378285112228394,2.7017092199707,3.35653899658203,19.3073301513672,11.3256283544922,243.047426625053,313.065203223232,0
1994-08-14,101584.176749375,0.280231268081665,-0.0175033679199236,-0.818829749755859,18.3510838256836,8.44316927246095,251.129214832115,318.770683644532,0
1994-08-15,101640.1272825,0.0359985412597657,0.468371629638672,3.88381604370117,19.2606488378906,10.3172659057617,234.834972271394,329.939075328071,0.365749053955079
1994-08-16,101011.15677625,0.357864896774292,-0.0907573242187496,2.54081392089844,19.7441550805664,10.3415765161133,56.8003080655438,361.068897733333,12.9741918945313
1994-08-17,100211.962676875,0.9192421900177,0.208416560058593,-1.63555410400391,15.0190431494141,12.8839539941406,151.151120009602,323.957481581741,0.451039428710936
1994-08-18,101509.78745875,0.659725146713256,-1.40921356811523,-4.18183966308593,13.6777564111328,4.24244082519533,225.449702686121,296.529069192101,0
1994-08-19,101980.03544,0.6100582081604,-0.645843227539061,-1.90623364868164,13.9028326733399,4.78800688476564,182.025205023402,342.154655028186,0
1994-08-20,101889.421669375,0.57008222000122,-0.609161873779297,-0.408502060546873,17.2594103955078,10.3349569970703,124.814191561685,358.730034082539,5.81197113037109
1994-08-21,101426.414596875,0.829693012542724,0.896219813232419,2.14716282592773,16.7372278808594,13.4135380810547,132.193059008768,339.803077781867,1.13237075805664
1994-08-22,101437.70085375,0.838733499908447,2.55705909423828,3.57274228271484,15.6871816088867,12.3859372460938,188.314155698579,314.659436499099,0.018764190673828
1994-08-23,102385.4803275,0.832854478225708,-1.96731765014648,-2.50501708496094,14.4265639794922,6.62380218750002,127.089960597652,329.331771482583,0.0952885437011715
1994-08-24,102885.565165,0.623825470809936,-2.82286280517578,-0.744991909179685,13.6633442504883,7.39752090820314,164.443961789779,339.517640726785,0.131617126464844
1994-08-25,102331.34027125,0.380244569244385,-2.06925433471679,1.6564441418457,16.4018022265625,10.0796242041016,111.467628674492,358.167955228539,14.9282685852051
1994-08-26,101071.3969925,0.875627938613892,0.076009361572264,4.28276697387695,15.9892309448242,13.190484987793,224.318204891816,294.201095848585,0.815567474365233
1994-08-27,101172.51259625,0.0543552928161622,1.90244373413086,-0.712595253906251,13.5847815478516,6.57284147216799,98.8484961682801,333.737368983664,2.91542541503906
1994-08-28,101356.9176875,0.999715606307983,1.65171623657226,4.35470571777344,13.7281076123047,10.281095131836,99.199060548585,362.92213334766,1.34935485839843
1994-08-29,101360.722353125,0.820292405090332,2.5677208984375,2.58195421630859,15.7229648706055,12.7763213378906,172.073405741251,335.675915501295,0.0604678344726562
1994-08-30,101911.706801875,0.452183357849121,1.75815975585937,3.5802225012207,16.0757047094727,12.8541438256836,198.755062719675,318.27558669288,0.159124298095703
1994-08-31,102046.762534375,0.139534833984375,1.60066031860351,2.40132300659179,16.2030600195313,11.2553074853516,207.876836338439,296.102775771786,-0.01654052734375
1994-09-01,101900.65901875,0.114888089981079,2.22838750488281,1.01941379272461,16.1856312207031,9.77582450683596,179.002835953943,308.159752861062,0
1994-09-02,102674.9913375,0.362469567337036,-0.597999278564452,-2.31757705322266,15.3955374121094,8.91948531494142,163.897866574597,314.845680937244,0.0875662231445309
1994-09-03,102973.790740625,0.237565096054077,-0.486767379150389,1.26661380493164,15.3194638012695,9.93297930908205,170.954342905532,310.531265626289,0.0404635620117186
1994-09-04,102839.555623125,0.221125176086425,0.488496105957031,2.53163312744141,15.4229596923828,11.6915954516602,186.22900229922,306.043498554132,0
1994-09-05,102570.432796875,0.120017587966919,0.660950863037109,2.84369644775391,15.5302701733399,10.4227222363281,144.801617770553,337.450908417238,2.32691345214843
1994-09-06,101622.317336875,0.670069720840454,0.846777896728514,4.84449219360351,15.8826033447266,11.73499359375,169.798531756822,286.471055784375,0.173267822265625
1994-09-07,101329.53778375,0.0970516732025146,4.32629135620117,1.76819839233398,12.5851385522461,5.07281391113283,189.268815392168,269.939106403623,0
1994-09-08,101814.953874375,0.296315197677612,1.36803218505859,0.182104061279295,11.7427022290039,3.76673473632814,99.2227244217368,315.002375163569,1.09086517333984
1994-09-09,101477.70658,0.946043300170898,2.31944563598632,2.18541541259766,12.1499128930664,7.99583259521486,85.4793028890526,323.586816823326,3.0337564086914
1994-09-10,99986.82981125,0.942338540725708,3.52882132690429,3.59247137329101,11.7584668017578,8.13733612792971,90.7871139984802,330.46679543861,14.3901495361328
1994-09-11,98605.939399375,0.871450049285889,0.8747246496582,-0.290969653320315,10.5867422949219,9.41431161376955,92.0776038553386,323.877033965614,3.72413208007813
1994-09-12,99592.504883125,0.608680378646851,-0.0764550134277334,-1.89693304077148,10.0794073876953,8.0462757714844,124.73243277565,303.193666312829,7.66485626220703
1994-09-13,99600.810364375,0.743301763534546,1.67212364379883,3.88214403442383,10.0752206811524,7.10666756591799,55.125844891992,319.10657377815,12.8118783569336
1994-09-14,99335.95207,0.967050426330567,-1.56053823364258,-2.77602243408203,8.7460223754883,7.07271208984377,105.544025900342,313.870536510125,6.49268951416014
1994-09-15,100326.63191625,0.765088734283447,-0.723999772949217,-3.8764491796875,10.2786336962891,7.01600246582033,67.390770233996,342.160870374146,4.96976623535157
1994-09-16,101353.259199375,0.865020158081054,-1.24947050292969,-3.22562391479492,12.1637162573242,10.4543383837891,140.063440593948,319.919526143843,0.581920471191406
1994-09-17,102304.515299375,0.135437142105102,-2.72731213745117,-3.34276088256836,14.8301014331055,11.1854177783203,142.686457389164,314.276783715274,0.319474182128907
1994-09-18,102839.59503125,0.136537284011841,-2.09031848632812,-2.66787445800781,14.3549578833008,10.7756083007813,140.966031802162,311.149755245618,0.302683715820313
1994-09-19,102680.137435,0.210300072555542,-1.93171428833008,-2.5690454284668,14.0692843798828,10.4112169653321,114.260894891262,315.607891276353,1.55905853271484
1994-09-20,101938.537879375,0.903007755279541,-1.95422989990234,-2.73279467773437,12.4771836230469,8.78365285400393,85.4952772834295,324.596117327312,1.10385437011719
1994-09-21,101463.087226875,0.604159559783936,-0.992237885742187,-1.71542874267578,11.1340174291992,9.11842608154299,113.210282638855,298.170377769916,0.980599060058594
1994-09-22,100655.483429375,0.426285839004517,-1.17468131958008,-1.30195359741211,10.2764311865235,7.93533617431643,116.083531760805,296.160585055141,1.77088470458984
1994-09-23,100345.978645,0.518682502212525,-1.1927411328125,0.0252575085449226,9.50534654052736,7.47013265136721,68.8606821314017,336.784364059269,6.04283111572266
1994-09-24,100225.914468125,0.932259463729859,-2.18658852905273,2.59566515502929,11.0084018017578,9.01208459228518,92.2261257586145,331.013406446203,12.5415194702148
1994-09-25,98968.515560625,0.834812386703492,2.80943958740234,5.34931729492187,11.8683155981445,9.70588020507815,108.614966686037,297.268622828075,7.42933929443357
1994-09-26,99171.979410625,0.358473523864746,3.95845120727539,2.12605730834961,10.1930839477539,5.00758847900392,134.362861859812,245.219604823409,0
1994-09-27,100885.2948375,0.105401953277588,1.54120882202149,-1.64589872558594,7.0996498754883,-0.920504187011701,134.296342179523,247.490496587018,0
1994-09-28,102366.954814375,0.5,0.643851466064455,-0.592845205078124,6.61489945068361,-0.251191982421855,29.0918252559702,325.934612856161,4.98977630615233
1994-09-29,101562.604076875,0.998895042190552,-2.20894548950195,0.641957452392576,7.29574478759768,4.78812011962892,34.4246101047552,353.979682687997,2.81699615478515
1994-09-30,100844.98083875,1,-1.52569121459961,0.50169909057617,10.1682272558594,9.36798840576174,14.3897198533353,348.626071298394,23.0415277099609
1994-10-01,99889.50209875,0.914270598983765,-0.310215930175785,3.3696362121582,10.2444071069336,9.78473630371096,53.0442529728608,330.153401297073,2.90038269042968
1994-10-02,100089.179149375,0.878457442016602,0.457065683593747,4.04740515869141,9.79076338867189,8.92424503417971,54.6955908212193,311.652799809287,4.80869079589843
1994-10-03,100380.696003125,0.541555787582398,0.935720285644532,-0.122952523193359,8.56526770751955,6.97502715332033,102.378028318477,282.102758655349,0.648071289062499
1994-10-04,100477.576324375,0.670543792419434,1.41780223144531,1.55307361450195,7.81273676025392,4.59643404052736,21.6253892471196,312.008304987853,7.97506958007812
1994-10-05,100370.563050625,0.652376962356567,-1.23540828979492,-2.98803663330078,5.84388055664064,4.87748179687502,101.165139382451,274.931225535286,0.876231079101561
1994-10-06,101040.6120575,0.752694228057861,-0.535493004150391,2.09311020629883,6.39215281982424,4.50098011230471,25.2449802693193,352.678119412814,19.1576049804687
1994-10-07,99302.20389625,0.934247550354004,0.797965823974604,5.78443461547851,10.7719980859375,10.2752701904297,81.8552980017398,285.464679368249,0.323452758789063
1994-10-08,98436.753289375,0.482018144683838,4.98742081420898,3.79872413330078,8.71266203125002,4.32476419189455,95.6977981365854,247.219210638066,0.0029351806640625
1994-10-09,100010.409034375,0.334984053192139,3.838187109375,-2.18350037353515,5.92611483398439,-2.34386770507811,85.6723161544452,261.694772950074,3.40411376953125
1994-10-10,100696.3848775,0.757147661132813,0.0778489624023452,0.521593975830077,3.89464219238283,-0.592708464355452,29.7939576310417,323.729133810268,3.62861572265625
1994-10-11,99874.122194375,0.994761847991943,-1.08180963867188,-2.78475487792969,4.43378096191408,3.2199475732422,37.009728720719,313.530776274165,0.362532348632813
1994-10-12,100889.084233125,0.947190051269531,-0.638927982177734,-0.339006479492186,5.53125570800783,2.85107849365236,73.171228762237,265.635248718582,0.474375610351563
1994-10-13,102297.922018125,0.356317926101684,-1.3635094543457,-0.79598089477539,4.25664026855471,0.458305412597675,36.5476972389097,298.879024394546,5.46585144042969
1994-10-14,101663.229705625,0.989783042526245,-0.484630880126953,2.99151153808594,5.1251978466797,3.78962850341799,64.9487119528601,291.709698562594,0.373490600585938
1994-10-15,100887.132658125,0.637956849136353,1.95830227294922,0.13732447998047,5.53211570800783,3.81315554931642,67.6365337030429,280.513779540596,2.10934204101563
1994-10-16,99884.0653425,0.269289697799683,2.47434725585937,-2.99858102050781,7.59904351318361,2.89692995849611,80.8372185971409,248.664914188438,0
1994-10-17,101573.080975625,0.115742075576782,0.606276307373047,-0.479334947509765,5.17173331787111,1.24980913818361,57.1528189933117,279.01994611087,0.553034057617188
1994-10-18,101397.192728125,0.996420704421997,0.980305112304686,0.997869888916016,5.85994502197267,3.08317406250002,64.3565360427876,278.676565846555,2.68772216796875
1994-10-19,99979.964233125,0.25508505897522,5.08736030639648,2.05440949951172,6.85246596435548,2.11129380371095,74.7249988819763,246.539394344028,0.331116333007811
1994-10-20,100219.195505625,0.436668027420044,3.06431967407226,2.39638304321289,5.03824664550783,0.827619394531266,4.9940957828184,322.060459079123,19.785659790039
1994-10-21,98651.64348875,0.901363499298096,1.48609874755859,1.22715854492187,5.51009141601564,4.85410906982423,73.5930094730293,234.419036891877,0.200151367187499
1994-10-22,99370.87952125,0.221337037582398,2.38076895874023,1.01456801147461,2.14897534912111,-0.786831853027327,26.9224203899714,289.078536229505,8.51587158203125
1994-10-23,98517.80805,1,-4.82648338867187,-0.835292489013675,2.74415563964845,1.30839114013674,16.6483252805281,323.637929575705,16.6080834960937
1994-10-24,97603.418819375,0.961359630966187,-4.66742882568359,-1.78789930175782,4.85474130859377,4.1117934326172,23.7306455134765,314.361967211215,9.8260174560547
1994-10-25,98286.10491,0.84406264038086,-3.20713826538086,0.391387174072263,5.24207679931642,4.64087768310549,35.406593047986,285.184356622479,0.521312255859377
1994-10-26,98094.16076125,0.948048105926514,2.22238713867187,-2.0521255480957,3.77073971435549,1.47801849121096,47.4131108957642,253.600183799371,0.0888226318359377
1994-10-27,98727.653008125,0.464161081619264,2.41058241577148,1.50367964111328,2.43668418945314,0.309730151367205,37.214668500432,267.506558756177,5.21227478027344
1994-10-28,99178.494439375,0.916139535217285,-0.791987033691406,4.07719557250976,2.20144510253908,0.695820520019549,15.8257963848733,321.204119469443,14.9100244140625
1994-10-29,98634.674533125,0.994552025146484,-2.4810941784668,2.2262757067871,4.53027839599611,4.03582804931642,36.9086400451911,290.304161398084,1.43542541503906
1994-10-30,100188.675081875,0.79044971031189,1.15779727539062,1.25141521972656,4.14765402343751,3.1193722607422,12.1754619068285,332.97744818449,11.9228002929687
1994-10-31,99986.72311125,0.991003548965454,-0.511941833496096,5.88938015624999,7.54941851562502,6.64092243408205,41.5031529168109,285.833061342283,2.65360412597656
1994-11-01,99686.4854175,0.371711103744507,3.41174261352538,3.8833881665039,6.13231537109377,3.95160908691408,50.8161034756882,241.257847877208,0.353471069335938
1994-11-02,101479.48944,0.210614699859619,0.346282321777347,-2.35170244873047,2.18937440185548,-0.694154580078107,33.0269238411854,261.092163384415,0
1994-11-03,102359.183775625,0.816553941879273,-0.133590257568358,0.428550133056639,1.55206244384767,-0.107999489746078,17.4941918864867,291.452870919664,0.265236816406249
1994-11-04,102580.475518125,0.948231884078979,0.100439904785157,0.240873576660153,1.73020312744142,0.480948354492202,36.9109468888236,259.912855236569,0
1994-11-05,102270.42713625,0.664413285980224,-0.40663028564453,-1.35907966674804,0.0654155493164228,-1.61166936279295,14.3137248578634,300.253854843939,1.63196838378906
1994-11-06,102053.461829375,0.986903906402588,-0.0832447045898427,-0.365004185791014,1.17224687988283,-0.346778481445295,31.1129623223075,278.86761194227,1.11939636230469
1994-11-07,101971.855103125,0.841748025817871,0.311927360839844,-0.43208045776367,0.586852111816422,-0.783853200683577,39.2728361907716,237.01138869048,0.301624755859375
1994-11-08,101838.75524375,0.174946881637573,1.1738255053711,-2.1725603149414,-0.90565017822264,-3.92230389892577,40.4214376235008,217.445245414802,0
1994-11-09,102256.549393125,0.0936908416748048,-0.10007053222656,-4.89145884277343,-2.01055247802733,-5.99225184082029,31.527401524573,250.124837111582,1.02902038574218
1994-11-10,102150.688507188,0.966203690567017,1.73020615478515,1.84183846191406,-0.32446747802733,-2.86622469970702,27.6585336716001,267.623157233652,0.481229858398436
1994-11-11,100499.0764,0.646283162231445,1.38500221069336,-0.0155121044921866,-0.0663278906249867,-1.52250006347655,34.5753326591082,227.57953470679,0.0957696533203128
1994-11-12,99533.591669375,0.592158393096924,0.766922458496093,-2.04741549316406,-2.17387739501952,-4.0460518017578,22.3885612451496,238.77108466366,0.351945190429688
1994-11-13,99992.365433125,0.867222273025513,0.727004691162111,-2.01084440795898,-3.03899270996092,-6.37789520751951,27.815418001562,236.7579013723,3.15354431152343
1994-11-14,100579.105286875,0.863043321838379,-0.660268736572266,0.420325970458981,-3.69411678222655,-6.02361396484374,15.5244565205746,271.145756764067,2.90890808105469
1994-11-15,101482.430305625,0.943822764511108,-1.54255565307617,-2.72373305175781,-1.90680108642576,-3.82335617187498,5.00539367513784,300.409706640931,13.5369104003906
1994-11-16,101167.27260875,1,-3.25400325317382,-5.68763525512695,0.110244887695329,-1.6064152392578,3.7925912576,319.273182312097,15.4106048583984
1994-11-17,100980.096731875,1,-3.66290173828125,-2.84345751464844,1.99622805419924,1.25435307617189,9.73330620350464,312.633816115821,2.50013854980469
1994-11-18,101081.19901875,0.998332476959229,-1.40553976318359,-2.77579574829101,1.74281292480471,0.887536606445332,8.41776248879841,312.911401558852,2.31580200195313
1994-11-19,100916.937275,0.976410031890869,-1.13993515625,-0.715480933837892,1.36168852050783,0.722258059082051,10.9112167814726,299.988180981901,0.732948608398437
1994-11-20,100798.450961875,0.907352754745484,-2.47369236328125,-0.708041226806639,0.650796694335956,-0.169708505859355,9.72868682735288,296.311850661155,2.7443017578125
1994-11-21,100595.67967125,1,-2.80924648071289,-4.18677270141601,-1.50532136474608,-3.06377431152342,5.10813497230623,309.884272787364,5.10237060546875
1994-11-22,100316.225375,0.997954790802002,-0.503812149658202,-3.51476823120117,0.156891269531268,-1.09974145751951,11.6767664971842,299.104668404009,0.458917236328125
1994-11-23,100585.826606875,0.96991726524353,-0.472935192871092,-0.274428363037109,0.260776057128923,-0.802217612304671,3.38147436527616,319.4545810038,10.6719714355469
1994-11-24,99962.252445,1,-2.6831421130371,0.265808643798825,2.04564127441408,1.70551066894533,3.84244866227241,327.044091813772,6.13420043945312
1994-11-25,99737.91234625,0.999140638504028,-0.405813303222658,0.680168840332027,3.28803441406251,2.94493280273439,11.3237824436568,316.134269757735,3.14009216308594
1994-11-26,99688.619159375,0.890041260681153,0.704207225341794,3.06526418457031,4.38215279296876,3.88213791992189,3.75149473873264,341.911128239833,5.25748779296874
1994-11-27,98820.083513125,0.993184650268555,0.38428353637695,5.45437606079101,6.74248811035158,6.23237151123049,9.02257460183039,301.936577333102,0.909397583007809
1994-11-28,99134.3025025,0.821352006912232,1.8666242980957,3.3426600805664,4.25462931640626,3.4896328442383,3.40202262470984,325.378250148297,14.816005859375
1994-11-29,99010.60579,0.989974278945923,-3.14772472534179,3.20007899658203,4.92650398437502,4.49461398193361,2.74162629420646,336.217084377471,10.5853234863281
1994-11-30,99061.37791,0.955079890289307,-2.83806657470703,1.26514671875,5.15255840332033,4.8340525708008,4.61482504224768,325.138641817824,8.62945922851564
1995-08-01,102273.486960625,0.648508037719727,0.806959226074218,-0.479720982666015,20.2151430834961,17.6880058129883,235.313929554653,371.575861945991,1.53385574340821
1995-08-02,101828.869399375,0.582177059631348,0.284148662109374,0.225486975097655,20.7338737524414,17.7802381494141,223.871911360022,359.734471921569,1.45599983215332
1995-08-03,101142.4427575,0.532768898315429,-0.698891634521483,-2.78411337890625,19.3387693798828,13.656530991211,253.241463214529,313.444637815597,0.0247691345214843
1995-08-04,101252.373605625,0.203074990234375,-0.530151717529296,-2.09449971435547,16.5874103564453,8.46204275146487,239.573245210929,321.177811212037,0.0122678375244141
1995-08-05,101528.301665625,0.27450250038147,0.836941176757811,1.79523356079101,17.6480707983399,11.4459377978516,248.723208212363,328.011692302807,0.0912496948242185
1995-08-06,101168.68993375,0.381479347839355,-0.169956999511718,-2.41292442016601,18.6610163330078,10.2539750878906,231.826098189777,307.317330579817,0.0277120971679686
1995-08-07,101749.31256375,0.271001027450561,-0.467552135009764,-2.92043881958008,15.1126500878906,3.2140840527344,201.816171686608,310.712092407083,0.00781539916992193
1995-08-08,101553.229768125,0.746400067825318,-0.34286667602539,-1.22758228149414,13.5151293554688,4.14366763427737,116.765360972653,332.295290617202,1.68342483520508
1995-08-09,101155.3120225,0.633577589111328,-0.259991256103516,-1.43975395385742,12.819453803711,7.44768756591799,191.858734243479,304.561665238701,0.206807861328126
1995-08-10,101482.25074625,0.545315890426636,-1.05309869628906,-2.07983334594726,12.2303497607422,4.4442595605469,131.148280709863,327.103772740913,0.315524139404298
1995-08-11,101583.831221875,0.623087546005249,0.0279858032226563,0.891521495361327,12.884210612793,7.1193899926758,141.743788920983,345.61332758851,6.63563278198243
1995-08-12,101040.720687812,0.861883692092896,-0.342720708007813,3.59093715576172,15.7269379516602,12.0290966040039,154.073151336602,365.908777511176,3.00765686035156
1995-08-13,99964.4561215625,0.977668514022827,0.778933714599607,3.95198746826172,17.3113809082031,14.7982564135742,154.204637631059,356.03398454266,4.42151306152344
1995-08-14,99540.8359025,0.685222867889405,1.66700189575195,4.65928812988281,15.0186364257813,12.639128203125,198.875303981054,322.247098302315,0.319267120361327
1995-08-15,100092.400749375,0.53316148399353,2.96247701660156,3.98005506103515,13.7660277148438,8.86354343261721,150.331893749821,332.613101409036,0.241576995849609
1995-08-16,100851.64906375,0.447179019165039,0.596745563964844,2.17590101196289,14.8772717089844,10.3805384033203,188.210873957156,333.623390831192,0.562636871337889
1995-08-17,100928.9899675,0.675353920974732,1.77136229614257,3.79599244140625,15.2124514550781,11.3133478955078,187.726710809063,329.921784074898,0.394337158203125
1995-08-18,101314.441710625,0.496866394577027,0.376835997314453,-1.37185968994141,16.0244464575195,10.8440682739258,240.461336394617,313.505999749553,0
1995-08-19,102109.718321875,0.0420180712890625,0.874108972167969,1.46804966186523,16.8550174145508,11.4118825903321,225.615855160969,338.151585859489,0.00698852539062498
1995-08-20,101927.939681875,0.726152653961182,1.67170171508789,1.24262461425781,18.9351390112305,13.3953459277344,214.312040710283,346.56160766953,0.00960327148437502
1995-08-21,101919.789204375,0.502594921569825,0.573527937011717,0.41652392211914,19.4240351171875,12.369611616211,209.603064590066,338.429189791402,0.0250189208984374
1995-08-22,101558.320506875,0.264867100753784,1.03181406738281,3.1654354296875,17.9947194506836,13.621343959961,224.565548212158,326.678386698056,0
1995-08-23,101714.132531875,0.0977005378723147,1.03692502807617,0.586100004882811,19.5142814453125,12.6339930908203,220.940735502908,330.485504291284,-0.00740188598632814
1995-08-24,101623.855629375,0.23675368598938,0.361423489990234,4.14657897094726,19.0170840625,14.3902500561524,186.998611983873,331.899956415619,0.11843017578125
1995-08-25,101355.50052375,0.338150462188721,1.28132894042969,0.432774682617184,17.9966871972656,11.6758483837891,203.727976643282,316.328050311746,0
1995-08-26,101663.88437125,0.0816026567840575,1.49065174316406,0.532143295898439,16.9328211108399,9.72448709472658,222.155398186457,302.515547677453,0
1995-08-27,101613.096601875,0.0965750551605226,2.46867863037109,-1.22332372558594,17.1624310766602,8.12399705566408,215.569354875116,301.700319045895,0
1995-08-28,102245.232250625,0.0670577793121338,0.67276522583008,0.395450897216797,16.0611447045899,8.49611617431643,204.082934740559,309.825118082261,0
1995-08-29,102271.66989,0.632044868087769,1.39027560546875,1.24196372680664,16.8274619091797,11.3091301293945,166.130513847964,329.82696064161,0
1995-08-30,102265.81603125,0.947688808364868,2.71669139526367,-0.641914486083985,18.0477394238281,9.70228532714846,196.184067002443,325.094775285117,0
1995-08-31,102405.363935625,0.418697470321656,0.66805661743164,1.22679931396484,17.941777475586,10.749571081543,194.039679016527,313.256788340979,0
1995-09-01,101423.0894825,0.398752300262451,1.57466619506836,5.01427448364258,15.7343128491211,12.0034597167969,170.287254547754,336.958538338701,0
1995-09-02,100207.044176875,0.666482556533814,0.0118409838867184,3.66591601196289,17.4420755078125,13.4968447338867,71.6936811934449,357.342923933765,8.86442901611329
1995-09-03,99792.36231125,0.986815032043457,0.839685163574215,4.30214149291992,14.7903927441406,13.2365522094727,153.913579955734,298.10823853253,0.854195861816405
1995-09-04,100675.772485625,0.435743428878784,2.30160846557617,3.11325942504883,12.6678189916992,7.19208787597658,89.6805818842759,311.965084854918,12.5541030883789
1995-09-05,100787.052938125,0.820146942367554,0.74673744262695,4.88343014770507,12.1290893701172,9.37390772949221,27.006355886352,335.904591450431,21.313762512207
1995-09-06,100593.012779375,0.645646456680298,0.514621810302732,5.19245029418945,11.7577217211914,9.55473932373049,191.116015927139,279.856900601447,0.0296209716796875
1995-09-07,101953.0230375,0.394118029785156,1.39363270385742,2.65470514160156,11.9524456176758,7.68567774658205,31.0509458700632,341.284377882671,21.8787893676758
1995-09-08,101279.753060625,1,-4.26227664672851,-0.786061142578126,11.1787658886719,10.178615456543,50.8448323544645,350.901817578813,10.920719909668
1995-09-09,100640.56099375,0.83894592414856,0.504215825195307,3.52706825805664,12.3730471264649,10.3941206689453,123.895206877761,308.396025370487,0.609844360351562
1995-09-10,101058.39299625,0.669690961151123,0.108181269531249,1.88585052612305,11.078615715332,8.36028677734377,79.7260746919675,340.154084236091,16.4604470825195
1995-09-11,100199.95909,0.933417267074585,-3.4976814453125,-0.188156497802735,12.1752478369141,10.0285543725586,29.7011929822134,360.716523220332,22.0122512817383
1995-09-12,99698.59196125,0.809338038177491,1.27863172851562,2.17238851928711,12.5487596411133,11.7724155395508,118.284682511925,307.16355741913,0.741429138183596
1995-09-13,100861.266958125,0.775109059906007,2.84009883300781,3.35595467407226,11.705098256836,8.03773264648439,129.140315075926,309.930940622789,0.177338562011719
1995-09-14,101545.75267125,0.614055901412964,-0.0652733581542972,-0.558842253417969,12.3143265869141,9.48189396484377,109.734152780972,325.234144954578,0.167680053710938
1995-09-15,101886.75086875,0.45452818687439,-0.769348262939453,-2.33994572021484,12.7643905541992,9.30533386230471,115.506503223178,321.934088042124,0.148390197753906
1995-09-16,101882.482366875,0.519104829025269,0.646839888916016,0.946572172851563,12.6376505126953,10.3397869628906,122.756720285916,317.155649664876,0
1995-09-17,101639.43837125,0.889396408920288,2.52131564575195,1.10035952636719,13.1857709960938,9.21134967773439,108.387126766236,330.843145646875,0.0347351074218752
1995-09-18,101458.101551875,0.513413443832398,3.04122966064453,2.42252844970703,14.4803057128906,11.6551806860352,148.876337995511,296.521869194636,-0.00403106689453135
1995-09-19,101448.49591375,0.710615097427368,2.33394774414062,1.14339710693359,13.3237931298828,9.80154504394533,155.353124337903,267.088828532847,0
1995-09-20,102108.845496875,0.112941682052612,-0.409802175292966,-3.22210311523437,9.86489992919924,2.48137346191408,149.805594912856,256.991975909163,0
1995-09-21,102734.53317875,0.218164756011963,-0.390824803466795,-1.48240846069336,7.71348903076174,2.47414254638674,147.92188689444,265.575875702444,0
1995-09-22,102492.955416875,0.308401181106567,-1.27696560180664,0.480044962158205,8.71229523681642,4.59639079101564,76.7091700353997,326.202262658245,0.134163513183594
1995-09-23,101813.680171875,0.879339522476197,-2.25026805297851,0.958920911865234,10.650266652832,6.87087405761721,27.0462977982184,343.264800770748,1.99417175292969
1995-09-24,101052.104871875,0.962356652755737,-1.78829985717773,-0.293229405517578,10.1132490234375,8.86278904296877,57.4852799133225,341.04567124077,3.95428985595703
1995-09-25,100924.948598125,0.9060484274292,-0.0031221520996095,0.651269793701171,10.8072702514649,10.2918637402344,67.1053490603903,339.865407359927,4.70189361572265
1995-09-26,100453.891891875,0.938037588119507,-0.73762811767578,1.84229618652344,10.0916136425781,8.80227726074221,38.0231254602996,326.672972536999,4.74992736816405
1995-09-27,101105.218799375,0.639267753601074,-1.87432152832031,-2.50775666992187,9.10940375732424,7.25403924560549,45.6363852396904,335.190322783335,1.1072509765625
1995-09-28,102810.143018125,0.983697367477417,0.419304503173828,2.71539464233398,10.813946862793,9.33841217529299,117.786317294757,312.625866844545,0
1995-09-29,102520.3297775,0.598239489288331,2.97481230834961,3.30358722045898,13.1565146386719,11.3678775463867,85.5230829032716,334.575598733051,0.339089660644531
1995-09-30,101587.214319375,0.951976853256226,2.67861880126953,4.67280026489257,13.1859732519531,11.2514885449219,107.755689714428,293.555542298042,1.95732238769531
1995-10-01,99867.63325875,0.170433020629883,5.48231345092773,2.27150368408203,9.86586861083986,4.16432949218752,122.187457552963,246.533114761054,0
1995-10-02,100257.066394375,0.0343859828186036,3.90037474365234,-2.20880094726562,7.37815490478517,-1.43286085937498,117.643485226516,247.628503293995,0.0813375854492189
1995-10-03,100898.979390625,0.513455342178345,1.53468290893555,-2.15766044311523,5.54727987792971,-1.48638838867186,108.173897804256,255.345539985005,0.238181457519532
1995-10-04,101157.24322875,0.609888347473145,0.154735954589844,-0.256102664794921,4.95426836669924,-0.352121293945294,13.5301897262604,308.360785086595,14.9413275146484
1995-10-05,100002.50198625,0.885785811080933,-0.541168215332034,2.10072265136718,5.10440345703126,4.08339250976564,54.1951664640354,301.052049288901,0.403892211914061
1995-10-06,100220.724199375,0.967137126464844,2.65439130126953,2.50989677734375,8.29381887939454,6.68871292968752,32.3571420325042,321.550082488405,10.6518572998047
1995-10-07,100436.28711125,1,-0.855066063232421,-0.271577742919925,7.54751045166017,6.51209183349611,26.9260897220131,338.117144153094,9.95836303710939
1995-10-08,99758.274155625,0.770036513137818,0.411413078613278,5.50184405029296,9.95214082031252,8.43027119628908,95.8930035197249,274.212679299325,0.254932861328125
1995-10-09,100547.895828125,0.360122028656006,1.76531487426758,0.689665335693356,7.25279615234377,3.71008013427736,97.5991116006562,243.417909694643,0.07728759765625
1995-10-10,101308.4972625,0.0886146356201171,-0.353345364990233,-3.64555748901367,3.4434624145508,-0.809614794921857,93.6039938365677,264.782977611174,4.96282409667968
1995-10-11,101095.888479375,0.680154162902832,0.112440837402343,0.517718680419921,3.37721537841798,0.953074929199234,17.5653586762508,333.539802238393,9.281728515625
1995-10-12,99710.288315625,0.94847134223938,0.448709487304684,0.0895744909667942,5.89021154052736,5.31484520263673,65.4460896740794,293.757441841788,0.174876708984375
1995-10-13,99392.34997125,0.621287048797607,0.693656873779298,-2.1334356262207,5.3417724169922,2.05506306640627,92.3369263122053,236.120495730001,0.0146759033203125
1995-10-14,100222.088653125,0.423595513381958,0.634077072753908,-2.1005734777832,2.87922810058595,-3.27237991455076,81.903021125682,238.885664534439,0.0906427001953126
1995-10-15,100882.96124125,0.414469419631958,-0.910625788574216,-2.09517807983398,0.788455202636736,-3.70445125976561,89.0148612297208,208.383618500792,0
1995-10-16,102697.683894688,0.0778138761138918,0.219243009033205,-2.27351247802734,-0.74817819824217,-6.52326333984373,77.3148039555498,236.114584976526,0
1995-10-17,103149.111940625,0.831781262054443,0.233247016601564,0.638387504882812,0.800676853027359,-3.69082661621092,33.7519290970946,306.590161709855,0.537958984374999
1995-10-18,102246.923794375,0.968224813156128,2.42349658691406,3.05779368530273,6.56996411132814,5.74906631347658,19.4077568425412,345.720108232405,7.18830200195312
1995-10-19,100704.24705875,0.993679459686279,1.53549577758789,5.68634666137695,9.02698091064455,8.10765406738283,71.8093360268085,272.657953920663,0.432179565429686
1995-10-20,100056.126174375,0.336578584823608,2.63609975341796,1.31645144775391,5.13995605712892,2.76404593994143,75.9845954756352,231.922614896544,0
1995-10-21,101574.6678,0.0753148888397219,0.530951020507814,-2.29069408325195,2.10394711914064,-0.599308525390607,41.1148785645947,291.713653287128,0.945839233398436
1995-10-22,101187.521031875,0.870344206848145,1.37484732055664,1.99149389770508,4.27468547607423,3.10734684814455,35.657336189354,291.118684844705,0.06103515625
1995-10-23,101412.427581875,0.826406563949585,2.98929518798828,-0.0353339477539046,5.76876385742189,4.14244676513673,56.4452124868337,287.129970159845,0
1995-10-24,102259.17890125,0.259912038803101,2.5443256628418,0.259553194580079,8.09391937988283,6.56394021728517,57.8947453691906,288.12977022273,0
1995-10-25,102735.528266875,0.533273717346193,2.52686026000976,0.688457949218749,6.65845347412111,5.71461021728517,24.3006203054379,309.009184502803,0.303162231445311
1995-10-26,102075.381525,0.646773453826905,2.19160755126953,0.513372366943357,6.04205966552736,4.95110914062502,62.4184669175808,250.270846186113,0
1995-10-27,102257.17148625,0.112500078048706,1.41462867675781,-1.3059499621582,4.73037047363283,1.31058363281252,60.7282834532663,234.522362248099,0
1995-10-28,103430.897268125,0.463877325210572,-0.0542014367675761,-1.35591971191406,2.59108274414064,-1.26768279785154,51.1548880675471,266.117151482285,0.0250189208984374
1995-10-29,103723.58345875,0.601399119873047,0.199215416259768,0.100997176513671,2.95920776123049,1.54986405273439,28.0733217922613,308.042104072845,0.256880493164062
1995-10-30,103128.120396875,0.98986237701416,0.162933509521484,0.587143885498047,3.37292774902345,2.87597055419923,23.3923691288461,316.323478342985,0.429809570312501
1995-10-31,102420.5423475,0.883643686065674,1.11891697021484,0.505854348144529,3.84552983154298,3.00904977783205,26.0978520283677,303.530022224061,0.197665405273437
1995-11-01,102267.6275975,0.911295489807129,0.763014047851559,0.120468762207029,2.28787330810548,1.26487186279298,16.586109006132,322.148844470233,0.274580688476562
1995-11-02,102292.98588,0.978953893585205,0.539973726806639,1.53837579711914,4.71588659179689,3.21697840087892,13.5720912226222,326.086146788006,1.66348693847656
1995-11-03,102181.1302825,0.962102147140503,-2.08879309692383,4.44989802246094,5.94426944335939,4.02962591308596,4.64668280881152,331.184574622989,9.20104309082031
1995-11-04,102417.4529,0.99788951210022,-0.205721203613282,4.60705214477538,5.77095926025392,4.85878718261721,6.2151620196696,335.745249995408,2.68978820800781
1995-11-05,102712.382953125,0.999871778030395,-0.646619448242187,4.97865498901367,6.40858014404299,5.24008280761721,20.8831149009928,315.032370293752,0.0988714599609375
1995-11-06,102873.74007875,0.964607510147095,0.741879024658203,4.00421697875976,5.87275566894533,3.8179139355469,16.7896649641099,315.741771644042,0.415045776367188
1995-11-07,102579.6185125,0.996694217834473,0.585674455566407,4.23233663574219,4.22280720703127,2.19279283691408,5.62420803509288,326.781670098738,7.32246520996095
1995-11-08,101540.02219625,1,-0.732186688232421,4.18415020996093,5.13260977539064,4.05003129394533,13.2528991572001,310.589933694527,3.92434509277343
1995-11-09,101527.370813125,0.95206447807312,0.142815764160158,-0.221061874999998,3.50620535888674,2.82584064208986,20.8079533274497,303.041389507171,9.93763916015625
1995-11-10,99589.281705,0.873806370544434,1.30508048828124,3.76098862060546,4.81025117187502,3.74888462890627,9.71020932274585,288.736583875798,9.24506591796874
1995-11-11,99082.799875625,0.729260400466919,-0.700353040771482,-5.53967207763672,2.15617296630861,-1.78287493652342,36.9762477250969,219.387871338405,0
1995-11-12,99980.21889625,0.0813453075408937,0.883711297607424,-3.53118427612304,-0.898632062988264,-5.28992309570311,19.202511522195,250.101610334572,2.3943731689453
1995-11-13,99659.814271875,0.951657621841431,-1.24041652221679,-1.18243447265625,-2.18609461181639,-4.26409853027342,28.6540585359901,233.879193763384,0.297152099609374
1995-11-14,99780.55717125,0.457214436416626,-0.896991965560909,-2.06400150878906,-2.52935276855467,-5.16305730224608,28.3600265209709,216.84821190644,0
1995-11-15,100341.002260625,0.261026035995483,-0.141778374023435,-3.14021712280273,-4.65320195068358,-7.81149785156248,31.968305428634,213.681236073067,0
1995-11-16,101544.958360625,0.384340244140625,1.01829895141602,-1.20336932495117,-3.0904948486328,-6.83994167236326,24.0583405684982,274.700645468302,0.381641845703124
1995-11-17,101061.622713125,0.921766767730713,1.47129286132812,2.17177266235351,1.38594558837892,0.201864416503917,6.46333402120191,304.350941875838,5.01158203125
1995-11-18,99440.225284375,0.663385844116211,3.12998404174804,5.02857473388672,4.9799709326172,4.08965528808596,16.4648826191741,262.19271268591,0.810808715820309
1995-11-19,99791.7790925,0.788013700103759,-0.409148092041013,-1.62942034057617,-0.373696687011707,-1.28356079101561,26.7747992271192,219.510214643488,0
1995-11-20,100761.30445375,0.283454549331665,0.151654317626955,-2.45433048706054,-3.2995919995117,-4.9325391479492,19.2168551023313,251.211804195636,0.152959594726562
1995-11-21,100795.657984375,0.840657157058716,0.466802961425779,1.4959190234375,-1.55551142089843,-2.55072757812499,7.80260418681569,313.978110516703,20.9490911865234
1995-11-22,99655.987190625,1,-1.27778098266602,3.93134058715819,2.53991181640626,1.97325299072267,6.24701978623345,311.211383905406,9.08445495605469
1995-11-23,100913.08413375,0.971128715133667,-2.25956796386718,-0.901746239013673,1.2623412817383,0.548199277343769,12.2579962777764,276.348895199229,0
1995-11-24,101699.28870875,0.946919558258057,1.6384548449707,0.931957904052734,-0.642169963378893,-1.67130864257811,21.4014559333515,240.252229979333,0.0296075439453126
1995-11-25,101418.289955,0.200249998245239,2.26623663818359,-1.35015479003906,-0.378254130859364,-3.26659141601561,15.7582849419706,243.437012976808,0
1995-11-26,101610.58851,0.910578177032471,1.50926116699218,0.927316715087889,-2.62888442871093,-4.40597674804686,6.19557707841536,285.063423213195,2.14165954589843
1995-11-27,99269.29871,0.564885025482178,3.76762405395507,3.87785951660156,3.11203534179689,1.72426937255861,18.65106875334,241.314296805486,0.113841552734375
1995-11-28,98657.05112875,0.685032951889039,1.88547060424805,-1.54149632568359,0.0928642504882976,-3.39444566406248,18.411028067464,228.090813934227,0.125377197265625
1995-11-29,100235.882388125,0.413229142150879,-0.0862727307128894,-4.13488591796875,-2.43281202880858,-5.76866551269529,15.7273904935862,223.78868330043,0.0296075439453126
1995-11-30,101902.80244125,0.363358560562134,0.0489745825195328,-3.12049096557617,-5.33206115966795,-8.35808362792967,18.3946213176836,216.840073005601,0
1996-08-01,100798.6557725,0.608804272689819,2.55034592895507,4.60036687255859,13.9097536523438,9.43832744140627,247.396807731108,306.608259325707,0.513936729431151
1996-08-02,100955.126903125,0.216794788970948,4.10714685424804,2.08490552124023,14.714772253418,6.3326467114258,275.746441011293,292.081229779964,0.0423279571533205
1996-08-03,101789.337688125,0.182535657119751,2.21146318481445,-0.769414061279299,15.494601706543,5.18078281250002,246.851018293596,310.314862917278,0.00174713134765624
1996-08-04,102512.416429062,0.412454656448365,-0.406971016845703,-1.16137642211914,16.7587425610352,7.34691142333986,249.184653027712,316.699285144035,0
1996-08-05,102654.007959688,0.17830821975708,-2.21745768920898,-0.628377603759765,17.8214848608399,8.41640051025393,268.051014149713,304.583851364224,0
1996-08-06,102500.00438875,0.504513633499145,-3.43641602905273,-1.177461640625,17.3834731616211,7.60599903320314,131.299472360347,341.614317025792,0.179166564941407
1996-08-07,102408.875168125,0.754752825775147,-3.64327385864257,-1.90346401977539,15.2474171337891,7.34836954345705,183.019436140099,336.221685679555,0.0219464111328126
1996-08-08,102484.499975625,0.630723112869263,-2.82881470092773,-0.157770253906249,16.2654226953125,6.91962231689455,209.921373455799,324.209931744731,0
1996-08-09,102504.62950125,0.615677464675904,-0.83536662475586,0.989780432128907,15.6029335595703,7.13688995117189,122.48390876713,340.950222385479,2.75017761230469
1996-08-10,102232.659986875,0.996366232070923,-0.0573318713378905,3.38070245483398,15.0440104296875,10.6247985522461,138.422807334414,362.34078978933,6.16079093933105
1996-08-11,101500.578289375,0.998531862792969,-0.214505334472657,3.40356076660156,16.2693316308594,13.421916694336,46.515196900719,374.231536655638,15.7830014038086
1996-08-12,100674.251814688,0.812350930404663,0.572054538574219,1.53657808959961,14.9892764746094,14.4386968383789,218.482179686838,316.55725082366,0.189844055175782
1996-08-13,101005.53490875,0.47963550857544,2.86981685668945,2.00249990356445,15.2399753564453,10.152715769043,116.890685254464,351.584618642171,0.801775817871094
1996-08-14,101062.878579375,0.886490081329346,2.19714648071289,5.22847076782226,15.6051313085938,12.6594591455078,141.965054383839,343.722080372748,0.468892517089844
1996-08-15,100924.928315625,0.987295810928345,1.40176404663086,3.86343783325195,15.4924214965821,12.3363841796875,207.128662379574,311.802366452936,0.73320114135742
1996-08-16,100639.744559375,0.294959200820923,1.823530703125,3.31329737915039,14.6873488647461,9.07288674804689,169.073455626863,322.866705787917,7.67550384521484
1996-08-17,100961.352075625,0.92805307220459,0.827749388427733,2.65575542846679,14.504472097168,9.96725632568361,127.5367695663,345.142451783888,6.26001861572267
1996-08-18,100445.717501875,0.709415125427247,2.50662140991211,1.82757514160156,13.3526083325196,10.7654382299805,211.874611523814,304.972993449469,0.0296075439453126
1996-08-19,101413.450338125,0.309826215591431,0.44876532836914,-1.36382977172852,13.5636547314453,6.51583900390627,181.596429826182,315.512136406356,0.0375990295410157
1996-08-20,101709.71744125,0.785385532684327,-0.396398491210937,2.01706361206054,13.7732884326172,8.71957795410158,123.167440852453,328.24509998361,1.53598068237305
1996-08-21,101234.784174375,0.874173416900635,-0.835347919921874,1.63842881103516,12.7103729248047,8.93324766357424,125.219300989457,357.045569371767,11.543570098877
1996-08-22,100359.11917,0.952927350387573,-2.02167536743164,2.14732771484375,14.6871906860352,11.3212831616211,159.689635759599,333.624664786299,3.47108978271484
1996-08-23,99950.37954125,0.55483829826355,1.87564587890625,3.53156077819824,13.6228296557617,10.4941309472656,222.614081758334,311.630510276392,0.678240661621094
1996-08-24,101117.93888625,0.444286117477417,2.20601057373046,2.32779340576172,14.1685104956055,9.08295856201174,56.7812085759705,373.727099499866,0.881045684814453
1996-08-25,101785.44613,0.95700214225769,0.196150632324219,2.91456569702148,15.1726064648438,13.6909152685547,134.404067652714,345.216204409779,0.705054931640627
1996-08-26,101522.148284375,0.350778122406006,-3.18865630371094,0.771245235595703,15.8183907202149,11.72199015625,102.94816405853,343.179085126845,10.5223664855957
1996-08-27,101395.47594125,0.696034651565552,-0.933742504882813,2.11582816162109,14.5794062329102,13.0023256933594,129.34666238107,347.36646972696,1.34114837646485
1996-08-28,101705.7220275,0.870102796096802,-2.07527027709961,2.05729704833984,16.088281237793,12.2082446215821,88.314655491008,364.794424718243,30.8561561584473
1996-08-29,101047.0712275,0.892946081314087,-2.54294156494141,1.39988008178711,15.1389656469727,14.4543122558594,35.9991150320107,374.487602461799,33.0320855712891
1996-08-30,99909.26753625,0.952893958435059,-2.83605015380859,1.92579520996093,14.1858326147461,13.7118277612305,128.07305714049,339.080636791722,10.3750276184082
1996-08-31,99573.81368875,0.568854280700684,0.0756062133789032,3.19780794555664,13.4421767773438,11.4149866455078,163.278585725918,318.819357523695,0.138902130126953
1996-09-01,100971.38653375,0.375931419067383,2.4760013269043,-0.520718638916017,13.8341802954102,8.89777785888674,167.55287210285,309.371251575355,5.76620605468748
1996-09-02,102047.36713375,0.815956373977662,-0.0142195031738279,0.373275892333983,12.6746719775391,8.61233620849611,20.5415768878809,367.540132551754,13.0328503417969
1996-09-03,101755.82949125,1,-1.02902278686523,-1.01292930786133,12.2675452978516,11.9226820288086,70.52479698267,367.587049750054,3.98737457275391
1996-09-04,101286.711258125,1,0.22191409790039,0.601923442382807,14.1520078686524,13.266585402832,38.6677149815521,364.851027246467,2.25270690917968
1996-09-05,101125.9874125,0.99956529624939,-1.20229712890625,-3.60435928222656,11.9947462573242,10.2860381884766,99.0362749466263,330.750890153423,3.27521423339843
1996-09-06,101245.7938725,0.755049402618408,-0.70289662963867,-1.46330698242187,11.5601370996094,7.6777808886719,130.60337921278,311.722660762474,0.469130859374999
1996-09-07,101804.716489375,0.909751347732544,0.637859791259762,3.41190283569336,12.0588181958008,8.87399354980471,22.5367188226277,354.151088849884,11.2064080810547
1996-09-08,101242.406589375,0.783848050003052,1.15907177978515,4.65152790039062,12.1249745800781,11.2559709423828,154.383537005124,296.481865890198,0.0375283813476561
1996-09-09,101194.096730625,0.525860678482056,2.59968565429687,1.89492722412109,11.2717388232422,8.30308638183595,44.6233822184899,325.089065538979,2.40859252929687
1996-09-10,101053.7186125,0.544885494232178,1.99370343139648,4.02666564575195,11.6038782983399,9.41301934570314,168.53016787736,280.54425775209,0
1996-09-11,101553.795024375,0.479016059722901,1.41237943359375,2.09982593261719,11.0841857153321,7.59081930175783,31.9585774320583,336.374048351849,12.1491384887695
1996-09-12,100450.765878125,0.786867605438232,-0.52185196411133,3.10335563598633,10.9853902856445,9.79574281738283,130.506186476621,287.364276921813,2.83345184326171
1996-09-13,100397.8167875,0.645282091293335,3.05495879394531,5.18685081176758,10.0868557275391,6.46840734619142,142.452177649408,278.486288224644,1.12961334228515
1996-09-14,100588.287533125,0.373163904953003,4.2142663305664,2.62440854858398,10.1851824584961,4.9427788598633,113.79106868627,284.0630746468,0.33136016845703
1996-09-15,100694.788629375,0.692936954040527,2.75704311157226,1.55771785766601,9.43085013671877,5.85958797607424,143.268464650964,287.192550285964,0.153048706054687
1996-09-16,101110.905809375,0.215571578979492,-0.298472049560546,-3.75603485839843,9.91903522460939,4.18364422363283,74.5208000797802,304.23900591524,0.546636657714842
1996-09-17,101148.03031375,0.83000575592041,1.17161806152344,2.28754588134766,9.29112089599611,6.44427136962892,136.088421904266,292.13248431007,0
1996-09-18,100436.200159375,0.252143442382813,3.97315463623046,0.186779810791016,10.8197072216797,6.11753558593752,137.353998229153,277.696939524717,0.0630410766601563
1996-09-19,100991.368459375,0.171306936187744,1.08248590332031,-1.49882616088867,10.0577577270508,4.59321890625002,124.221669340624,297.074449740868,5.01031280517579
1996-09-20,101098.390163125,0.908799035491943,-0.371883237304686,2.00514687133789,9.5033035864258,6.5274308129883,74.6565862245761,325.912594019467,3.50497924804687
1996-09-21,100731.946235625,0.975048332672119,1.30356821533203,1.01225628540039,10.5251143676758,7.88152930175783,30.957741280649,333.860123547862,4.44243988037109
1996-09-22,100028.87862625,0.498706896286011,3.60024152832031,5.57331668457031,11.635533659668,8.60175132568361,130.698144690533,265.86731927393,0.282450866699219
1996-09-23,100214.5641575,0.0886534681701661,5.11064314819335,4.26004878540039,9.68239738037111,3.47287465576173,121.347186441331,277.56363942349,0.252355651855468
1996-09-24,100945.28147625,0.850782641525269,3.73337393554687,1.09798192016602,9.7764461669922,4.85246333007814,55.1898735509355,297.1709380032,7.6838067626953
1996-09-25,101189.72855125,0.600229694976807,0.357498724365236,-0.597180712890624,6.00934095703127,3.84726553222658,60.7474483650388,307.318012120318,3.7099609375
1996-09-26,101102.426148125,0.970674562454224,-1.25974999145507,1.19930428955078,6.20713150878908,4.0045970239258,15.357435305292,340.600993708408,12.8310113525391
1996-09-27,100005.325066875,0.970917391357422,-1.07536318603516,-1.01990221069336,7.18689684814455,6.5885662841797,53.3856857415653,326.049386149094,9.36706146240233
1996-09-28,99743.9887775,0.821691071090699,-0.0393824304199247,3.18754269165039,9.11672801513674,8.28214773437502,68.8916981797433,324.919634843063,8.06866302490233
1996-09-29,99663.805746875,0.877339705963135,-0.270392199707034,2.86149268554687,9.04966534179689,7.97598921875002,57.5506224680996,317.746933604892,4.41784545898437
1996-09-30,100118.72113625,0.668153315505982,0.0369424755859377,-0.721922940673829,8.14702866943361,7.13838778320314,52.2347632429865,312.951259796673,4.06183441162109
1996-10-01,100330.87292625,0.781551029663086,0.855236109619135,2.70951600952148,7.57275873291017,5.99447944335939,105.358660869294,292.151445370062,10.0169454956055
1996-10-02,100391.369489063,0.565289243927002,3.21389905883788,4.63813026733398,8.68048487060549,5.19358761718752,102.879479756781,278.142898952924,0.101543273925781
1996-10-03,100434.98730125,0.696615836029053,4.72822122924804,3.54534334838867,9.14658618652346,3.79871183349611,113.612727534232,256.925853028735,0
1996-10-04,101099.36234125,0.084959850921631,4.35735686401367,1.7976934777832,7.72235443603517,2.54968408447267,111.373751848277,254.906526687686,0
1996-10-05,101983.160620625,0.12590589263916,1.48268021484375,-0.885391690673828,7.24285273437502,2.82844630126955,99.5329752162322,262.617331203111,0
1996-10-06,102201.32988375,0.873329233398437,-0.158801196289061,0.240448682861328,5.99604235351564,2.7087965966797,9.86351913544744,320.781336566411,8.39843658447266
1996-10-07,101292.115488437,0.518981139678955,1.71620726928711,1.24859314086914,7.62081730957033,5.78714804931642,102.972184909334,253.91620999924,0
1996-10-08,102210.943262813,0.130190369262695,1.52192057739258,-1.01643833007812,6.83812366943361,2.91992390136721,95.009984215733,271.39359027683,0
1996-10-09,102664.737916875,0.415728806762695,0.337570305175781,0.595804631347655,6.59510754638674,4.57674635253908,49.7257548224541,318.281740172195,0.207733154296875
1996-10-10,103091.2528375,0.971607833480835,0.0960644714355455,1.17773339233398,7.08003120117189,6.15231410400393,31.8008388209156,328.017574137773,0.325439453125
1996-10-11,103317.734554375,0.851347178878785,0.390014252929689,3.61816811645508,8.92910988525392,6.92656591796877,48.365873345577,324.161051169344,0.112809753417969
1996-10-12,103660.43903,0.819235177764893,1.38932470947266,3.03152314208984,8.80246718261721,7.17240989257814,62.5954538775036,296.381987051282,0.00173675537109376
1996-10-13,103878.471045,0.53779298072815,1.73455564819336,2.43498619995117,7.07187906005861,5.93977362792971,81.8247188125036,271.931316191254,0
1996-10-14,103172.016928125,0.334690614624024,2.34350791259765,3.71141765380859,7.03828949218752,5.2819224169922,77.9461239111029,281.162999104664,0.0389959716796873
1996-10-15,101958.092215625,0.68765883102417,1.91080603881836,0.900039987792965,7.22590943115236,3.69748576171877,86.2547813716396,236.671495713826,0
1996-10-16,102736.728824375,0.050143832473755,0.0907324572753943,-1.08837613769531,3.86283577148439,-0.6648003979492,65.3445259764965,271.336424548804,0
1996-10-17,101741.346775,0.624141854476929,2.24138067993164,1.83472410888672,4.61580168701173,2.67145294433595,80.2876325387434,236.635102008118,0.0148037719726563
1996-10-18,101929.90637,0.076416274032593,0.440582145996097,-3.42019602294921,3.48109803466798,-3.03352901123045,73.291248631101,241.208656072301,0.0362854003906251
1996-10-19,101841.59125375,0.244587864456176,1.66832670654297,-1.11690580444336,3.65083870117189,-0.748961464843732,78.0012579953994,223.876326291802,0.00146759033203125
1996-10-20,102471.580730625,0.0309459915161133,1.05237088623047,-3.24313771484375,2.00225737060549,-5.5618700463867,75.3402356431907,216.18238268896,0
1996-10-21,102733.794179375,0.255413682327271,1.14545937255859,-0.279852706298827,0.113109780273454,-4.41516190429686,33.511094100387,283.490623292747,2.17103393554688
1996-10-22,100771.455333125,0.824623815155029,3.84400382446288,2.55132303588867,4.01234138427736,1.30881021484377,64.4470239516766,234.331213752421,0.155323791503906
1996-10-23,99757.902964375,0.189142373199463,0.426905059814453,-3.38633748046875,1.02702646728517,-4.6129016088867,65.2658436930816,218.76096643315,0.133233947753907
1996-10-24,101104.07944125,0.103235407409668,1.95397849609375,-1.68643584960937,0.340911015625019,-4.98227955566404,67.2722856534804,212.831726920243,0
1996-10-25,101341.62111875,0.227253738479614,1.14489344360352,-0.903361031494141,0.0321400830078296,-5.91824885253904,45.6890015174658,253.370906487484,3.10811981201172
1996-10-26,100741.733785625,0.892472245178223,-2.1608859765625,0.35411357910156,-0.166219138183576,-3.14587093749998,40.01931675764,248.545050289889,0.509541625976564
1996-10-27,101134.271526875,0.869371515884399,-2.86041784301757,-4.69453114379882,-1.52374328124998,-6.37652966064451,60.1999375651701,203.554004793409,0
1996-10-28,101207.75570625,0.297760493469238,-0.996273621826169,-5.38823790893554,-3.2011914526367,-9.56908071533201,56.3867980481364,210.32429882508,0.0148037719726563
1996-10-29,100429.682706875,0.483119090957641,0.460575513916017,-5.17574447875976,-2.52074793457029,-9.28259218749998,57.7214488375984,202.680981574788,0
1996-10-30,100231.277265,0.114329750518799,0.411597733154299,-1.51115716308594,-3.07698085449217,-9.34094701416013,52.8763073134592,210.487153641829,0
1996-10-31,100295.66916125,0.267659833145142,-0.492829846191402,-0.890727901611327,-3.85516074218748,-7.45299128417967,47.811339614847,221.407458420103,0.609259643554685
1996-11-01,100190.217684375,0.531724871215821,-0.471283968505858,-0.793664456787109,-4.55387301025389,-7.33715234130858,46.8626380821234,219.102542372174,0.653427124023435
1996-11-02,100434.885945625,0.308964666442871,0.185550072021487,-1.09619532958984,-4.70190367431639,-7.55302387695311,39.0492098398585,225.123197556606,0.184476318359374
1996-11-03,100615.79737375,0.469463736495971,-0.547205927734371,-1.71396810668945,-5.11776683837889,-7.75516871093748,38.2014746715947,222.459600983082,0
1996-11-04,101211.7427675,0.700144482879639,-1.09419593383789,-1.39376872680664,-5.31497790283202,-7.44742067626952,18.2316764268921,276.071593252395,7.33702453613281
1996-11-05,101081.819710625,0.989699911117554,-3.33680526733398,-2.05789535522461,-2.75902687499999,-4.88251038574217,12.5289314120368,312.149567634425,2.39016418457031
1996-11-06,99866.291354375,0.996693868408203,-1.56485479248047,-1.84088317504883,0.96187333007814,0.115619467773452,11.1264311649763,318.107734189001,2.46596496582031
1996-11-07,99736.75768625,0.99018504486084,-0.33494961791992,-1.54699188964844,1.45578272949221,0.768875036621113,13.0668573856498,280.567231373633,3.52379943847656
1996-11-08,99484.162916875,0.676830968704224,-0.829689160156246,-4.80574435180664,-1.48430283935545,-4.0302950854492,37.7733138741592,217.456089381355,0
1996-11-09,100885.258734062,0.174899301605225,3.04030245971679,-1.7730413305664,-2.12637736083983,-6.70667103515623,38.6156104665596,214.909627936969,0
1996-11-10,101495.914283125,0.586091458435059,2.36876713012695,-0.00233054931640539,-4.35551772705077,-7.12087538085936,14.8079981061014,268.989585197114,2.3477001953125
1996-11-11,100052.14800125,0.997124093856812,-0.894195930175779,-0.957048688964845,-3.92020468261718,-4.9714981298828,23.6646013293167,270.363929246678,0.215198974609375
1996-11-12,100696.42233,0.854783787536621,-0.281545036621093,-1.48666293945312,-3.93739650146483,-5.2882668017578,15.7375925640692,268.662416364129,1.41739196777343
1996-11-13,101433.255055,0.947267892990112,-1.1392756262207,-2.47247112060547,-5.30210444335936,-7.13412257812499,18.9613709848543,254.36683621099,0.331309814453125
1996-11-14,102314.21850125,0.876512260360718,-1.16400683959961,0.00868490234375208,-6.21517405273436,-8.15192304931639,11.5802298793132,279.080026445278,2.59070617675781
1996-11-15,102132.4229425,1,-2.16446859130859,0.539408414306639,-4.04717647705077,-5.3835355517578,6.72647158783672,297.967457070974,15.0929284667969
1996-11-16,100977.397698125,0.999760361404419,-3.19576702636718,-0.855885251464844,-1.85100198486327,-3.04115657714842,19.6845119451234,264.880975324827,1.78365783691406
1996-11-17,101939.7931375,0.942941309432984,-1.53326713623047,-2.64594169189453,-3.75780543212889,-5.77239944580076,29.563248852992,199.090557238618,0.061573486328125
1996-11-18,103493.359695625,0.31088644203186,0.121904294433597,-1.83069710327148,-11.9046802047729,-14.0833152124023,20.2230599037026,224.26632319156,0.181118774414062
1996-11-19,102724.673676875,0.810263081130982,2.294036953125,0.754135278320309,-10.3187783813477,-12.7028747903442,26.0619968706183,265.828081124779,0.916154174804686
1996-11-20,102223.35476375,0.632001879653931,-0.402145588378906,-0.376754442138673,-3.66003467529296,-5.24418347656249,5.90423780318904,293.645512992299,1.75483154296875
1996-11-21,101682.41889625,0.996569877700806,1.74103781982422,2.14108941162109,-0.0383240332031134,-1.00751706054686,22.9390406958252,278.205076590297,0.138643798828125
1996-11-22,101087.51569625,0.940262819290161,3.80414110961913,3.17973469848632,3.81456674072267,2.40244353515626,22.7283091551879,266.730969103258,0.287309570312501
1996-11-23,100900.487764375,0.711515085372925,2.17897106933593,-1.21317814575196,4.33932391113283,-0.138257685546858,15.5316245180514,236.616704147928,0
1996-11-24,102568.213498125,0.915527568130493,0.762832687988282,-0.664637645263672,-5.21061296142577,-7.36425667724608,9.44038162513265,286.000399001898,6.70891784667969
1996-11-25,102521.09209,0.995638516235352,-2.1691214477539,-0.211890922851563,-3.02533165283202,-4.80288549316405,9.72917227903386,294.088782525156,0.457891235351563
1996-11-26,103120.94597875,0.886998233337402,1.35896141845703,1.54387401977539,-1.03605909912108,-2.31069421386717,15.6216151234118,268.06893461748,0.035439453125
1996-11-27,101757.448655,0.768533963851928,4.19574959960937,1.4299784765625,2.58718024658204,-0.308030327148423,17.3570366162469,262.469441951465,0
1996-11-28,102054.610146875,0.713892997817993,0.75257188232422,0.241636437988281,0.313180117187509,-1.54217706298827,8.08359727309128,290.350262241116,0.58811279296875
1996-11-29,101417.417016875,0.966978282165527,1.095737109375,1.81299556762695,-0.159565715332023,-0.841650539550773,10.0421596651585,282.766161562572,1.58183776855469
1996-11-30,99978.9102475,0.517716260299683,3.49954903320312,4.53356387695312,4.11508466796877,2.18696290283205,10.9188702306304,285.47600594204,1.32833801269531
1997-08-01,101000.553478125,0.775684617233277,-1.69747263427734,0.377729400634765,16.6618927636719,14.368881640625,180.34182884558,347.717005929497,0.593210792541504
1997-08-02,101395.2561575,0.457385122833252,0.908486904296873,2.0388430456543,16.6724800488281,12.8360659277344,249.978957459228,326.26054574884,0.134066886901855
1997-08-03,101826.68056125,0.481317489318848,1.00492325927734,0.148312554931637,18.1432627978516,13.5792770532227,233.715156369273,333.143596007487,0.219587707519532
1997-08-04,102270.95503375,0.466065108337402,0.495656604003905,-0.72619455810547,18.3933165405274,13.4165190625,273.111046264878,330.820038099454,0
1997-08-05,102309.650986875,0.0500574723052979,0.888663468017577,0.297191442871094,20.3740271142578,14.0797910229492,259.588265365639,334.677679586008,0.143551101684571
1997-08-06,102225.506765625,0.156908606338501,0.755161486816405,2.35250116943359,20.2611875390625,13.5112451049805,263.657107548221,325.514949596475,0.00276046752929686
1997-08-07,102225.750175625,0.480905411758423,1.33150314941406,3.31667845703125,19.6551082006836,13.4525476391602,268.499722732509,321.09806700307,0
1997-08-08,102247.08309125,0.0126136610412598,0.707882451171875,2.94674487060547,19.4788830737305,13.8170458276367,265.508554837252,324.697652995275,0
1997-08-09,102306.692924375,0.033478318862915,0.1390494140625,1.82589212524414,19.8422016333008,13.6248555029297,224.73999792853,341.001948945049,0.0254648590087892
1997-08-10,102219.970005625,0.209098827285767,0.162839957275391,2.48850385620117,20.3183904882813,14.5545969189453,231.550221309108,336.282088443478,0.0158677673339844
1997-08-11,101930.171229375,0.444635428237916,0.612911168212891,4.56867650146484,19.8767356616211,14.4561834399414,211.719857681991,339.073453268325,0.625695800781252
1997-08-12,101394.434845,0.277889658050538,2.2531147265625,4.23284065551758,19.2853185107422,14.3752975976563,200.271626096955,329.02294753203,0.298286895751954
1997-08-13,101337.2891125,0.611191087875367,2.87079671142578,2.11726915649414,17.9268506591797,11.2540709936524,229.355171889173,323.790639092321,3.16410903930664
1997-08-14,101393.317109375,0.507153304519653,2.05224194824218,1.93845989013672,16.3163559301758,9.4523765136719,236.02348598637,300.888489168696,0.153248138427735
1997-08-15,101264.312836875,0.156507967071533,4.6144788696289,1.10703067382812,15.2490802636719,5.98489515380861,179.839074829957,306.947930235772,0.354405517578124
1997-08-16,101419.693438125,0.755786774902344,2.18171720581054,2.32608975585937,14.3416490844727,6.7646660864258,149.654301810556,331.390857098525,0.474847564697264
1997-08-17,100816.2640225,0.837410168609619,3.91178538940429,2.65637614135742,14.7697234667969,7.42861563720705,44.3343412535657,357.03786993744,5.19163421630858
1997-08-18,100608.3173325,0.848419313735962,1.4580667993164,3.09021736816406,13.7446779711914,11.568441069336,176.260743171011,344.822417289133,2.41884078979492
1997-08-19,100250.913169375,0.940290479202271,1.69908015380859,4.71174342407226,15.8569448608399,11.7083455395508,184.166989395419,324.716845462593,5.83880828857421
1997-08-20,99822.357965625,0.230870921783447,4.3532295727539,5.42547737426758,14.2682050463867,8.55122935058596,234.788743428407,280.925581232679,0.898058319091794
1997-08-21,101153.41895125,0.253869229812622,3.08182897827148,3.07484151245117,12.4852887280274,4.85576414062502,161.586390291941,313.602458145229,1.37242156982421
1997-08-22,101134.505988125,0.750220808486939,-0.556883479003906,1.37064937988281,12.7183040112305,8.31504769775392,94.1672287197904,335.877146363795,10.6782257080078
1997-08-23,101139.973549375,0.731302416305543,-1.66065220092773,0.814183647460934,12.0675148583985,10.2098506884766,167.963657143439,311.64408182717,1.2143994140625
1997-08-24,101621.868566875,0.630608284988404,-1.16914478027344,1.7930695324707,12.7564865258789,8.61578973632815,159.093269747297,309.562348634015,5.72015045166017
1997-08-25,101753.25150125,0.526840861358643,-0.405459718017579,0.970208476562498,12.2821944702149,9.91128048095705,206.069141330303,302.776704089229,0.362481689453125
1997-08-26,101922.6093625,0.7096671900177,0.728582775878905,1.8146649621582,12.4578233740235,8.34360864013674,209.412428094207,310.985630147834,0.150972900390625
1997-08-27,102127.046688125,0.339890141448975,-0.0300793408203118,-0.625833666992188,15.1755449145508,11.0519734545899,199.550759743293,321.222261329724,0.0125094604492187
1997-08-28,102523.9868425,0.318936872634887,0.284209580078125,1.33406746704102,16.0543351464844,11.9100184033203,198.127400244316,333.225983089598,0.0250189208984374
1997-08-29,102728.09664125,0.282997701492309,0.0509949829101556,1.20991141235352,16.6585043383789,12.8259775170899,160.984088874321,344.44262459319,2.34300109863281
1997-08-30,102650.077725,0.787717670135498,-0.688063476562498,-0.606534093017576,17.271807631836,12.4328395141602,59.5454557807329,386.239828487977,8.93060272216798
1997-08-31,102275.8405175,0.744510615844727,-2.12045360961914,-2.25261507202148,17.6754026855469,16.3488788476563,67.6059808249086,379.021936865713,6.3384832763672
1997-09-01,102417.443604375,0.806346128921509,-2.53919049804687,0.259293945312499,17.6548830786133,16.5563385888672,124.696384195746,364.137080475554,1.20026550292969
1997-09-02,102876.27808875,0.850889014968872,-0.967249173583984,-0.0845014196777344,17.3077128344727,15.406660546875,96.1754133758722,367.437633743389,2.60982208251954
1997-09-03,103087.61999375,0.896638843765259,-2.24297772094726,-0.721255390625,17.6079027929688,16.0275338330078,146.510980368857,339.609947894293,0.631800537109377
1997-09-04,103345.79388125,0.298806098251344,-1.73451550659179,0.57491422241211,16.9537101489258,12.8659614892578,163.782437163377,309.704989887509,0.0798446655273437
1997-09-05,103258.353081875,0.285503714370728,-0.208045607910155,0.938208703613283,14.2564075732422,10.5528586865235,136.280478725551,319.695813985552,0.203785400390624
1997-09-06,102633.87144125,0.488516521987914,1.39007549072266,2.38363759399414,13.4872573657227,9.6878016357422,167.936866278795,304.317802650466,0.0264865112304687
1997-09-07,102235.76270625,0.281784708480835,0.569873022460937,1.99385821166992,13.6944265844727,10.0788570507813,155.570887342732,301.918785850476,0.0293579101562501
1997-09-08,101952.989046875,0.425488449020386,-0.333627635498045,1.79155768188477,13.0107281494141,9.63556414306642,96.3077349885542,337.132312973828,1.5288525390625
1997-09-09,101274.30236625,0.986334663009643,-1.14749983398437,1.26386198242187,13.8405259472656,11.0309343457031,37.3957424515088,374.791264103058,13.7919174194336
1997-09-10,100395.582948125,0.998202966461182,-0.677610502929688,0.559104406738281,14.4372553417969,13.4371473925781,118.089591617634,333.639126410838,2.66518646240234
1997-09-11,99800.802355625,0.885885878067017,0.0554253869628887,2.5067387524414,13.6388657128906,11.5027641918946,81.3935026087362,347.22615380598,24.4147406005859
1997-09-12,99296.37397,0.928138405303955,0.78417959594726,4.69993463745117,12.2008742675781,11.1041536279297,75.5705552065626,335.109633982108,9.06325836181638
1997-09-13,99761.963625625,0.597421517868042,1.19636473754883,1.71884458129882,12.1556629980469,10.7582090625,83.8848937317663,315.14659697947,0.354232177734374
1997-09-14,100773.135631875,0.744993469696045,-1.69812440063476,-4.27485083251953,11.3890373999024,5.11511723388674,167.441447667997,266.028250298764,0
1997-09-15,101606.6170425,0.443337684249878,1.10525098510742,0.162537438964844,9.47951043945314,2.98612703369143,47.6776242248778,344.503638379121,5.20651245117187
1997-09-16,101376.214843437,0.985055651779175,2.79119314819335,5.6960135168457,12.5309484741211,10.1875629296875,42.9207211289379,351.353915315971,5.86331939697265
1997-09-17,101096.433601563,0.841961965713501,2.36181553733825,4.97720115234375,12.682426496582,11.275661237793,139.401788915738,291.899762377173,0.236405639648437
1997-09-18,100926.58521,0.216530099487305,4.37973573852539,1.8723073449707,11.7898094604492,6.24570967773439,151.846767527697,276.75926684737,0
1997-09-19,101737.29370125,0.588065318679809,2.31404415771484,-0.0585575231933612,11.2057936035156,5.81991035644533,134.639602740176,296.943718172071,0.0125094604492187
1997-09-20,101999.162879375,0.89123828994751,1.49767649658203,2.29789684936523,11.3890754394531,8.10338247558595,78.5973691929755,332.681418422025,0.339191894531249
1997-09-21,102144.479376875,0.824789925079346,0.565196717529296,2.97721573120117,12.6614463330078,10.5140784521485,72.7354751971036,347.310569302192,2.32562652587891
1997-09-22,101875.0257775,0.670708833007813,-0.221730926513672,2.83287831542969,12.9394839501953,10.5545407519531,129.702312626251,302.766787885312,0.0657653808593751
1997-09-23,101453.81727625,0.759621159515381,0.162278834228514,2.13727682373047,10.654095012207,7.69795405273439,46.4181269497024,318.028062276305,7.78456298828125
1997-09-24,100362.763055625,0.585481918106079,0.119278144531247,3.21083896362304,9.80992142822267,7.84707729492189,134.336500980202,277.519739231536,0.0250189208984374
1997-09-25,101297.37687875,0.665202542037964,3.12587530273437,3.24423688476562,10.3506679858399,5.59719338867189,97.3015930090865,307.06538287591,0.0871499633789062
1997-09-26,102215.89618125,0.753107916717529,2.8756584777832,3.68992744750976,11.9014416650391,8.79248162841799,99.836209953938,317.202631337227,0.0375283813476561
1997-09-27,102337.697359375,0.779945070724488,3.41270130249023,4.69305723510742,12.802294296875,9.98703530273439,64.5664329763112,331.971827442172,0.411693725585939
1997-09-28,102184.831089375,0.971373177719116,2.54825272949218,2.88954836914062,12.9556398852539,10.671717944336,115.955613109536,316.38728205386,0
1997-09-29,102153.332380625,0.139887072982788,1.83218169311523,1.65669742553711,13.7821958129883,11.2475462304688,118.065737877883,302.08324252592,0.0125094604492187
1997-09-30,101902.692403125,0.317233831253052,2.96983983642578,1.94515845947265,12.9684411547852,10.1013221386719,59.325664450692,308.593012086333,0.0159829711914062
1997-10-01,102266.36045875,0.669206645126343,-0.72016328613281,-3.06781682983398,9.27755450439455,3.96465954345705,109.477057286284,271.118620773619,0.0125094604492187
1997-10-02,102427.623371875,0.676100757904053,-0.253497097167967,-1.42883907836914,7.90971166992189,2.67277180419924,109.150302319821,258.390346972492,0.713476562499999
1997-10-03,102949.730473125,0.129552973480225,-0.275139898681638,-4.18325767089843,6.1442470239258,-1.09174508789061,101.043888817724,251.384768164382,0
1997-10-04,103369.752468125,0.550626417922974,0.117893565673829,-2.82407691772461,5.26234910888674,-0.759618000488261,98.355245023386,243.924797101404,0.101737670898438
1997-10-05,102913.646968125,0.483174221954346,-0.340421409912108,-1.24856676513672,3.85064032958986,-2.28177753417966,27.2213147440198,316.651065309156,4.81381958007813
1997-10-06,101868.111706875,0.999871778030395,-1.1502174243164,1.88318671508789,3.75133907714846,1.55559377441408,14.5909464491702,328.707016028423,6.41720977783203
1997-10-07,100693.839245,0.999977252349854,-1.13218772949219,-0.109829670410155,3.68648033203127,3.23990884277346,34.085245009397,316.58560518405,1.24872863769531
1997-10-08,99847.362816875,0.890882681884765,-0.987795565185545,-1.21690911621094,3.91230918945314,2.22671706542971,29.3625603310418,311.062318002322,2.4409619140625
1997-10-09,100069.314823125,0.875840862579346,-1.99104995483398,-0.356725275878904,3.58284220458986,1.09242422851564,84.3418602079511,268.329222999932,0.0182772827148438
1997-10-10,100878.923325625,0.415577581253051,-1.35734862182617,-3.04046982299804,4.06707147216798,1.70014767822267,36.710699729681,308.003199671724,1.18854949951172
1997-10-11,100988.920620625,0.97505766784668,-0.686276243896484,-1.82081221069336,4.92767911621095,2.72052387207033,52.8067696786772,313.080578625227,0.196191711425781
1997-10-12,101709.782208437,0.83536138168335,-0.814850738525388,-2.24396999633789,6.81379179931642,5.14251395996096,58.0410500288024,319.056427188394,0.201549072265625
1997-10-13,102124.544370313,0.846016273727417,-0.475089918212889,-1.14264156860351,7.26106865478517,5.62509307128908,44.8944403749291,324.540822294924,0.153190002441406
1997-10-14,102423.449455313,0.785355550003052,-0.956525328369137,-1.67501114013672,7.73501980468752,6.11673809570314,34.0246209122181,336.519303648867,0.542361755371092
1997-10-15,102795.995736875,0.929478931884765,-1.63790426879882,-2.5371813684082,8.3075327661133,6.85857739746095,19.7811225185239,351.687065065369,1.34553649902344
1997-10-16,102962.756319375,0.961687506103516,-1.7630556665039,-1.33558581298828,9.13723153076173,8.39973777343752,25.6542658141397,339.385161010455,0.463628540039064
1997-10-17,102946.24280125,0.776711842422486,-2.14316010375976,-1.1753993347168,8.63488773193361,7.7329386230469,32.2852378207775,313.653543401321,0.396018676757813
1997-10-18,103070.341828125,0.779408425292969,-3.07020932495117,-1.3480755456543,6.47020431640627,4.4871024536133,29.8716142555585,317.856403907099,0.948864440917968
1997-10-19,102641.22740125,0.961214758071899,-2.60643276611328,-1.89338137817383,5.12680859619142,2.77685000000002,20.594434469275,328.984774034356,1.17558715820313
1997-10-20,102170.052105,0.986326743621826,-2.72169103881835,-2.97581587646484,6.01118601318361,3.87049402587892,20.6989461954498,336.414693552357,0.70652099609375
1997-10-21,101570.53250375,0.994504122009277,-3.61188404907226,-3.25319583679199,6.91656605957033,4.93787340087893,20.0536149855695,332.961091686543,0.758035278320311
1997-10-22,100823.50823375,0.994248413543701,-2.18989330566406,-3.86734491943359,5.77879595458986,3.66086036376955,22.8011136332645,316.611262063908,0.53665802001953
1997-10-23,100628.419699375,0.988929595947265,-2.58624903564453,-4.73975956176757,3.41408162353517,-0.326111938476546,38.7530726996544,270.830437882467,0.595123596191405
1997-10-24,101361.797161875,0.824570697402954,-3.07088119384765,-5.56175341308593,1.14452665527346,-5.95439761474608,66.24946859129,221.323692405144,-0.0127978515625
1997-10-25,101660.461810625,0.42659933013916,-2.56140643432617,-3.40098980224609,-0.735532209472639,-6.40642651367186,50.0673449836958,239.077901503808,0.115520324707031
1997-10-26,101131.58043625,0.835761223983765,-2.87754982788086,-3.11737563964844,-1.46663585693358,-7.55102639404295,32.9343144515617,265.704859834819,0.382026977539062
1997-10-27,100569.37778125,0.999308852310181,-3.32255583862304,-3.59623923950195,-0.867930812988263,-6.84348808105467,24.5237901231784,279.756333644254,2.62504486083984
1997-10-28,100709.529136875,0.974079062576294,-1.84998727416992,-2.81885161987304,-1.00735409667967,-4.65748692626952,29.1652315708719,281.857980074845,2.84715454101563
1997-10-29,100824.651431875,0.947084779891968,-0.329822935791016,-3.40484572387695,0.0712424609375182,-2.28558261230467,23.8935221376254,287.232230746071,11.4928247070313
1997-10-30,100847.26415375,0.94252810836792,0.805493675537106,-2.76943871948242,0.0592463354492383,-1.88266067871092,47.8159514058162,243.717236167058,0.946525268554688
1997-10-31,100913.5488475,0.605027128448487,-0.759459971923826,-2.62159945068359,-2.69918238769529,-4.97056372314451,20.5812929035305,286.4446906381,4.84914428710937
1997-11-01,100748.452785625,0.98715562461853,-3.08744698852539,-1.13582104003906,-1.17962356445311,-2.64660221923826,9.12483803250032,321.756504697226,9.23170959472656
1997-11-02,100886.26321875,1,-2.7412891015625,-1.84842266723633,2.47457345214845,1.77566419189455,8.42445261977681,325.238768123321,7.16317810058595
1997-11-03,102204.53262375,1,-3.29260085571289,1.1517901586914,3.06039903076173,2.43246086425783,3.8290684003156,333.968748102219,14.5524816894531
1997-11-04,101956.74347375,0.996914771575928,-0.652876340332032,1.57979429321289,4.98021258300783,4.6775322998047,27.0978597356241,303.130315342536,0.388499755859376
1997-11-05,101993.264529375,0.855776900634765,-0.449706224365232,-2.05972986816406,2.16103507568361,1.32370750732424,28.7451565779976,282.110563808158,0.492576904296876
1997-11-06,102758.47327125,0.631569555969238,-2.29852251098632,-2.1075078149414,0.874552167968768,-1.27917458496092,31.6825412625564,237.314178746861,0.120084228515625
1997-11-07,103514.34979,0.445630660629273,-1.95740552368164,-2.30779147583007,-4.48444047119139,-7.39486601562498,37.0812038955598,224.432936466245,0.13360595703125
1997-11-08,103157.613074375,0.619771181488038,-0.443787304687498,-2.13958392700195,-5.48981305908201,-8.20828602050779,28.4167105899069,239.554718402635,0.171237182617188
1997-11-09,101998.777715,0.855457655105591,0.649069523925782,-0.476206024169921,-4.77177336181639,-7.5968814916992,30.373695264011,259.106822453626,0.0661621093750002
1997-11-10,100880.368591875,0.736620696334839,-0.46414869262695,-1.78414004638672,-0.698345161132792,-2.97180812011717,25.0470311834419,251.465434684136,0.0279541015624999
1997-11-11,100886.78762875,0.569332281951904,1.0453587097168,-1.84196130371094,-1.33319497314451,-3.70103657714842,37.3077202010112,199.31823597329,0
1997-11-12,101700.92922625,0.328743515319825,1.10866279174805,-0.893946805419921,-5.44082462158202,-8.51995031249998,32.0186406998049,233.415331408145,0.285655517578126
1997-11-13,100868.344053125,0.81405439239502,1.6281438684082,-0.703443183593751,-4.12729556640624,-5.98863100830077,34.8281240367923,218.351596977248,0.53269287109375
1997-11-14,101568.98887625,0.183040217132568,0.143625761718753,-3.39818123168945,-4.13116007324217,-8.91071604003904,32.2062753596834,201.469224964289,0
1997-11-15,102675.39452875,0.260030702056885,0.356661970214847,-1.12769638793945,-7.67029214355468,-10.303361015625,28.5385665470136,220.443669959356,0
1997-11-16,102559.575681875,0.483285956344605,1.80443831787109,-0.114392932128908,-6.17710016601562,-7.74245462890624,21.6424523522245,246.338944518291,0.0338244628906249
1997-11-17,102268.49433875,0.782278989181519,1.56380921386719,-0.341886683349611,-2.24207476318358,-3.81702615722655,28.7532878936539,234.116619457588,0.0383746337890625
1997-11-18,102708.82222125,0.245834687347412,-0.0156651733398399,-2.38328361083984,-3.08968813476561,-5.11210160156248,26.8385147602469,228.151359809212,0
1997-11-19,103172.4247475,0.388212977371216,0.102839403076175,-1.35357375854492,-4.86473058349608,-6.99282464355467,20.058051843267,242.424837688649,0.140680541992187
1997-11-20,103552.381494375,0.592077280349731,0.910640175781249,0.0425592663574181,-5.12793619140624,-6.57644098632812,15.7798041047663,261.600159175971,0.12802978515625
1997-11-21,103488.43511875,0.761897820510864,0.329349739990235,-0.756712005615235,-5.76071005859375,-7.7932586863327,18.8971775852282,238.867388037168,0.0559082031249998
1997-11-22,102992.581370625,0.755111268539428,-1.0985185949707,-1.10212676635742,-8.74483352275848,-10.4965410524368,10.9245970434294,269.043726333612,0.803110351562501
1997-11-23,102150.18270125,0.904486451797486,-1.44734931396484,-0.354262312011722,-5.7802754321289,-7.39993240009307,11.3583329500135,280.560514694516,0.489218750000001
1997-11-24,101420.512935625,0.872344486160279,-2.56014834228515,-1.05771669311524,-2.9556601635742,-4.46256949707029,11.1512574673486,284.074860598206,0.717823486328125
1997-11-25,101581.28248375,0.896233623657227,-2.1531978527832,-2.26070289550781,-2.05077924804686,-3.52969298339842,10.6017413348524,279.52502919234,0.659606933593749
1997-11-26,101441.560763125,0.976891510772705,-1.73980514038085,-3.65327071044922,-4.07828780273436,-6.19187190429686,5.72074465296384,281.423070361267,1.66723754882812
1997-11-27,101566.74975375,0.999107935562134,-2.04959720703125,-4.32760032714843,-4.8560339892578,-7.82580989257811,11.1912465495687,272.821955048119,1.59086120605469
1997-11-28,101538.131124375,0.984391908035278,-2.45180979492187,-4.27143911743164,-4.7981113354492,-8.02803647216795,12.8223338569073,240.561628625981,0.331848754882813
1997-11-29,101616.57806875,0.960870425415039,-2.27203273071289,-5.79877961425781,-7.65707897705077,-11.1722373486328,15.2396632578589,211.941386729939,0
1997-11-30,101502.575081875,0.672296698608398,-1.11703169311523,-4.43848448120117,-10.8493193746948,-14.245295263977,18.1566513866342,207.247299374851,0.0250189208984374
1998-08-01,100959.726103125,0.811235266952515,0.906083942871093,0.577378659667964,15.3321750195313,13.1633636450196,190.635484422212,338.262485309341,0.596253547668455
1998-08-02,101696.457666875,0.571546646957397,-0.433442172851563,0.147748975830077,15.2418450610352,11.3859849047852,187.867605455765,330.131608193633,0.241994018554688
1998-08-03,101444.817021875,0.712335413742066,0.749145076904294,1.80071472045898,14.6230549169922,11.4064141113281,85.0992883265215,339.441308724025,6.06483749389647
1998-08-04,101128.263425625,0.918726366653442,0.771270192871094,1.96941932128906,12.2005264013672,10.4754359619141,259.872585265558,308.102173266515,0.0368750000000001
1998-08-05,101252.989589375,0.346253496627808,2.57584198730468,0.0128328955078115,14.7389880761719,9.22135939208986,233.408290462475,310.639066180936,0.377576446533203
1998-08-06,101105.875159375,0.428442692871094,2.30141740722656,2.25988457763672,14.9384535546875,10.6746310620117,252.275432621239,296.737865326012,0.180150909423828
1998-08-07,101128.2999825,0.168065384368897,1.64110291015625,-1.97162612304688,14.8517967871094,8.41082977783205,180.182712990477,324.014907991157,0.0199113464355468
1998-08-08,101631.469808125,0.840738575363159,1.90156117553711,2.67573355957031,14.6767885742188,10.4673538696289,232.325111228939,310.305122298484,0
1998-08-09,101557.6306025,0.66393558265686,3.19895131958008,1.81424146972656,15.8697004150391,10.0287321948242,239.83610686655,310.110856876125,0
1998-08-10,101340.468249375,0.549285822601318,0.0994168139648442,0.892014951171874,15.9348749487305,11.1188639697266,175.192099991618,351.379450249575,0.788944854736329
1998-08-11,100844.773260625,0.863837358398438,-0.00507073730468796,2.14051347167968,17.4122054248047,14.9689705566406,175.186530571356,339.394166044323,0.190783691406251
1998-08-12,100522.799698125,0.730943074569702,0.707151525878903,2.84269815795898,15.443820769043,12.5980021679688,189.304286550053,336.304879783604,2.81061096191407
1998-08-13,100367.89116375,0.557178865890503,1.42491792114257,2.52652416381835,15.3406549121094,12.1498418481446,127.650068489382,339.772376044526,1.88788177490235
1998-08-14,101083.61903125,0.598365693206788,-0.0903654638671877,-2.23613330688477,14.6705503076172,10.4176198901367,187.584718088674,329.76878679542,0.0757556152343752
1998-08-15,101445.97972875,0.642141313629151,0.330698814697267,2.19827422729492,15.8190276220703,12.0846340429688,223.080669090392,336.208723491525,0.0148037719726563
1998-08-16,101720.3626675,0.537689556808472,1.42435773803711,1.94419635009766,17.2248487158203,13.2008687329102,239.336001561105,316.614602744213,0
1998-08-17,102094.97111375,0.178370170516968,1.05947790283203,0.552999108886716,17.0381598071289,11.7338817895508,225.887174295094,328.526117484692,0.25262481689453
1998-08-18,101821.020989375,0.514235248031617,0.688040394287108,4.09203571044922,17.3472623828125,13.4526406860352,151.987623418856,352.95410153789,4.00390472412109
1998-08-19,100827.26447125,0.76965330192566,2.43363369750976,0.933237818603513,15.8442888769531,11.3612525805664,214.395690103061,304.086505583735,1.22843139648438
1998-08-20,101509.854065625,0.16681536819458,0.72647689086914,-1.18449659423828,13.5282701977539,8.09238078857424,227.77619668201,285.330412156252,0
1998-08-21,101871.67865625,0.223974551010132,0.751281833496093,-0.578935258789064,13.3971710668946,6.85374928466799,195.84848146131,305.963711678513,0.0125094604492187
1998-08-22,102180.246941875,0.359001322021484,-0.925038085937498,-2.20812731201172,14.1417693383789,8.01763332763674,197.941847717038,310.680183618315,0.0287808227539062
1998-08-23,102652.197295,0.382107194366455,-0.525248153076172,-1.22122698852539,15.033958046875,9.3664813989258,186.167822113348,324.622308251426,0.853708190917967
1998-08-24,101853.64773,0.48405547706604,-0.818977132568359,-1.78699208618164,15.746540546875,11.1469189550781,119.84306394856,350.497181513838,2.44996154785156
1998-08-25,100584.607051875,0.902879836349487,-0.608453918457031,1.27151582641601,14.2611917089844,10.5721489013672,125.259951878852,330.669291604368,8.40929931640625
1998-08-26,100046.280069375,0.677672473144531,0.367613522949215,2.1044612915039,11.577831928711,8.08518838378908,199.418030427051,313.008474591349,0.634278564453123
1998-08-27,100273.764080938,0.611546326141357,2.49717212402343,3.88447229858398,13.7593229638672,9.42543954833986,100.98962442201,334.69155507742,8.09531799316407
1998-08-28,100228.987790625,0.545500811767578,2.54017403320312,4.81916378784179,13.6426304345703,10.8652823583985,181.075384676257,304.16787302176,0.108734130859375
1998-08-29,101266.199620625,0.519096402587891,3.6747081665039,2.64388682617187,14.0776161962891,8.23554970214845,54.1412161422853,336.133136318131,9.16950286865233
1998-08-30,100592.66745375,0.681922272415161,3.5097952380371,4.4325156262207,12.2592883374024,10.400331772461,179.590856369181,298.598452048863,0.417625427246093
1998-08-31,100396.473526875,0.569621724472046,4.89935880249023,3.86251863769531,13.1055245361328,7.56805870117189,188.709468863132,302.3877195743,0.0854132080078125
1998-09-01,100833.649225625,0.13795877243042,3.33150804565429,0.0221291577148421,14.0291942944336,7.88897312011721,196.465854636587,303.755800870513,0
1998-09-02,101831.564965,0.561568678894043,0.687210041503905,0.668685711669921,13.4675483666992,8.15975812500002,82.1323562745856,361.404271007874,0.543695983886718
1998-09-03,101965.6769525,0.894165528182984,0.320186759033202,4.11004876831054,14.7729260864258,12.265241315918,133.160372683088,355.336165291996,3.27973449707031
1998-09-04,101691.75971625,0.874255202560425,-0.957217305908202,4.93315006713867,15.9783991528321,12.5681460253906,97.8427407889727,351.084615262616,2.19455688476562
1998-09-05,101557.845305625,0.678466874542236,1.36481459716797,3.06772373657226,15.0386223242188,12.8187119946289,192.093628383019,284.546173024897,0
1998-09-06,102149.649295,0.167076777801514,2.61939194213867,-0.649267891845703,13.1660235717774,5.70977455078127,184.166416714139,274.996085245788,0
1998-09-07,102939.837055625,0.357648651123047,-0.229022788085937,-0.323181505126952,12.5871973510742,6.35860104492189,158.027991544498,294.501843868648,0
1998-09-08,103009.297714375,0.865320150909424,-0.274272186279297,0.704368421630861,12.6039329663086,8.9028602661133,130.406126541472,312.385348729207,0.0432324218750002
1998-09-09,102500.47045125,0.666495356903076,-1.97809489746093,0.00316027587890653,12.8800737158203,8.82245765869143,103.074521821459,328.827352104583,1.22072845458985
1998-09-10,102281.353585625,0.895410031585693,-1.91129894042969,-0.144983646240234,12.4057294018555,9.0232222583008,85.4873811084312,336.145156462048,0.452414245605469
1998-09-11,102340.263363125,0.844187153015137,-1.54297644042969,-1.80479986572265,12.8611946923828,9.23180445800783,111.957142220702,319.09183908704,0.0142462158203125
1998-09-12,102321.53452375,0.595235184173584,-1.45266733154297,-1.04825473388672,12.7094721557617,7.33686496826174,96.5960363981832,332.70829556812,1.29614013671875
1998-09-13,101679.699655625,0.982527978363037,0.436181610107421,3.98538390625,12.7073110107422,9.83678088623049,35.3291898159726,366.432750897108,2.61236297607421
1998-09-14,101389.350951875,0.963057013244629,-0.0247305615234392,4.46663725097656,13.9004789379883,12.7956425195313,53.0469663348686,366.943553680268,1.5327880859375
1998-09-15,101230.819760625,0.896263313522339,-2.24268405517578,2.2923353918457,13.9439720751953,12.0744662231446,22.8644062924669,363.482270394936,6.34975708007813
1998-09-16,101181.77056,0.999130592498779,-1.95608253295898,-2.00194123901367,12.7951637011719,11.9352365893555,69.3403934884691,357.684945265225,5.95970275878907
1998-09-17,101342.056286875,0.776267471160889,-2.88339750854492,-1.62010745483398,13.9024814672852,12.2409494189453,51.5517182686036,366.877432696135,19.1205194091797
1998-09-18,101111.254746875,0.960052855072022,-3.25131341430664,1.00431150512695,13.8632586108399,13.128018034668,32.0886405566464,363.259242325294,15.8570147705078
1998-09-19,100771.499053125,0.935971294021607,-1.8052284362793,1.15646074584961,12.3392147509766,11.8532170019531,44.2596461687472,338.832502716102,3.149169921875
1998-09-20,100952.569680625,0.682389686508179,1.50222973876953,-0.123869647216799,10.5873978955078,8.1147108129883,15.6755343933211,342.602949033349,13.5716281127929
1998-09-21,100444.210668125,0.986537537002563,-0.862625787353518,4.70625476318359,11.4262669580078,10.495394921875,105.267652190218,311.263764331413,5.97994476318358
1998-09-22,100661.5810975,0.688406878967285,1.18048981567383,3.82900226196289,10.2449823950196,7.92605082519533,40.0843658606686,332.829649955033,11.425982055664
1998-09-23,100602.182429375,0.95848667350769,-1.18362887939453,1.86339317749023,9.35826807373049,8.81348911865236,78.9272511509311,315.039276602432,0.68223602294922
1998-09-24,100833.848375,0.902279587783813,0.858878950195312,1.03652623168945,9.53818799316408,7.2195820239258,30.4129803464789,333.60344855673,7.95787628173828
1998-09-25,101068.156368125,0.867850458602905,0.318439815673828,0.805121665039058,9.97472842285158,9.28364013183596,34.227564129671,352.219857766715,2.9794418334961
1998-09-26,101990.5079425,0.908222655639649,-0.451764228515625,0.818621484374998,11.2826074023438,10.6281565844727,62.9215825923359,371.119097573439,0.664158630371094
1998-09-27,102274.192266875,0.991951335754395,-0.145035218505859,1.44749831420898,14.2541700292969,13.5633332348633,32.4778343752056,383.159555557419,2.78143463134765
1998-09-28,101829.276099375,0.990257401580811,0.665512420654295,4.00025184082031,15.2823465625,14.9641997558594,104.468685004788,326.113551104286,0.0811129760742186
1998-09-29,102223.7909875,0.385768274307251,1.88600311645508,1.50016002197265,12.8841369116211,11.3295150561524,123.170230777397,288.111437784738,0.0148037719726563
1998-09-30,102282.646570625,0.316346414871216,1.22297215332031,1.98669599853515,11.2866122338867,9.30603074462892,58.7980507697454,354.210146132799,0.551547241210938
1998-10-01,101456.776450625,0.937207460327149,-0.869155922851562,2.10128104125976,12.9702405493164,11.9541568017578,27.5614876613159,375.526148348083,10.2576989746094
1998-10-02,100326.7313725,0.980513283157349,-0.697336055908204,3.33603180541992,13.7544278686524,13.09987546875,61.1426036629811,351.591668121171,6.65265686035155
1998-10-03,100154.067493125,0.809890456008911,0.771549935302732,3.1100672680664,12.5143452368164,11.5451969189453,89.6183502024778,313.929596637484,1.45740905761719
1998-10-04,100929.09618,0.467300964431763,2.96058905395507,1.31473101318359,11.3882252001953,8.12014745605471,72.3760219310387,330.644822516685,0.534473876953124
1998-10-05,101829.0173725,0.893908450317383,1.79122849731445,3.97541390625,12.7290219921875,10.7722970922852,61.8930372951246,348.585234572028,2.18083618164062
1998-10-06,101549.198143125,0.765807432632447,0.0111733312988272,4.69092140380859,13.5103317919922,12.0068775756836,86.1447737066586,299.323875437959,0.152216186523438
1998-10-07,101768.070961875,0.392868338317871,2.72682450561523,3.16030770507812,9.97908471435549,7.31029954589846,50.3308558835325,311.221750005461,3.66469543457031
1998-10-08,101586.250918125,0.598452225265502,2.71978740844726,4.45112156005859,11.0252178881836,8.78144298095705,32.5792089172996,346.300605094737,7.9420263671875
1998-10-09,101119.570410625,0.994021823196411,1.64324807617187,6.68733318725586,12.2841785766602,11.0510086254883,81.0856155467422,298.074538040689,0.997863769531251
1998-10-10,100670.274156875,0.591634255523682,4.39306990722656,2.23134278686523,9.72002912109377,5.27954525878908,72.5932866841911,278.29102713782,0.457032470703124
1998-10-11,100521.757596875,0.49303930480957,4.28892615966796,3.78870564575195,8.91311553222658,4.89068797607424,94.8278376724412,251.762228653738,0
1998-10-12,100612.59853125,0.302455279693604,4.1910488696289,-0.0638990307617198,7.53756575927736,2.26622838378908,28.346350436896,311.868920622101,5.94704284667969
1998-10-13,100106.617913125,0.790380037307739,0.410011151123047,-1.36852965454101,5.35308795410158,3.52927379394533,91.1792240826796,250.272967192773,0.0296075439453126
1998-10-14,101130.40228875,0.428114273376465,2.44078617919922,-0.801855577392577,5.84446149658205,0.643677817382831,25.0059024275489,300.591951080485,9.21980529785156
1998-10-15,100552.103061875,0.850536372604371,1.09610236938476,0.401848621826169,5.07740182373048,4.19543647216798,64.5841725848818,291.181102363475,4.81905395507812
1998-10-16,100440.39848375,0.769310052566528,1.39161217529296,0.763189658203121,5.95207620117189,4.54764923339845,58.7679082025779,307.760620794149,1.35476989746094
1998-10-17,100287.574073125,0.590946321792604,2.44824887329101,0.450456866455073,7.15558657226564,5.20483571289064,61.3436804514613,299.572292061627,0.841957397460937
1998-10-18,101428.862505,0.80317155921936,-1.63222765502929,-1.64365182373047,5.64485739257814,3.05829957275392,7.72886222758768,338.184497729385,9.06855285644532
1998-10-19,100927.7069425,0.996580357284546,-1.69343632446289,0.286895943603516,6.91085399658205,6.34969537841799,30.0693869859424,336.259115770083,7.51788757324219
1998-10-20,100217.969079375,0.885400717086792,1.65886255004882,2.95418883911133,9.11546460937502,7.60980964355471,63.0512764133503,265.393568685135,0.0529730224609373
1998-10-21,99873.488733125,0.510411186828613,2.92263276367187,1.89312808105469,6.83310582519533,4.36565697998048,41.2462138665128,305.422378298692,2.33142150878906
1998-10-22,99233.503114375,0.939586178741455,-0.486135594482421,0.839389055175779,6.56339815429689,5.24125729492189,55.098381316474,319.419838023437,2.43002563476563
1998-10-23,98559.290030625,0.603164668502808,3.62457247558593,4.36177877441406,11.4483051123047,9.61779305664064,7.32464239950274,349.791976428736,23.4635223388672
1998-10-24,98443.58415,0.840605227355957,1.66273650634765,4.80289080322265,11.7844848071289,11.1168450390625,53.557963488331,302.005352182967,2.34455261230468
1998-10-25,98650.702475625,0.756169727554321,3.51326005126952,5.69968680175781,9.49005018066408,6.58417930419924,40.8092495166206,313.91578970901,0.853298950195312
1998-10-26,99356.211714375,0.564936158752441,2.07249686279297,0.553202939453122,8.94034928222658,6.39935082519533,55.7939098420183,266.598687312785,0
1998-10-27,100983.691224375,0.544168060836792,0.0488591833496116,-2.68282082885742,4.8594743310547,0.328344074707051,57.440311632855,246.779717577953,0.0764544677734373
1998-10-28,102043.326211875,0.26890793510437,0.999244500732423,-0.700122856445312,3.49911403564455,1.30277243164064,50.3672578855338,260.737126590869,0.0250189208984374
1998-10-29,102980.0193125,0.479446883010864,0.909905502929689,0.436204990234374,3.08950662353517,2.09029501953127,37.1226417476403,288.67848611847,0.0250189208984374
1998-10-30,102636.12056,0.651506674118042,2.97565734252929,2.89532400390625,5.61578492919923,4.18833305419923,55.6555181870285,240.74576651672,0
1998-10-31,103064.44687375,0.0849937204742434,3.26613002197265,-0.521319792480467,4.58585761474611,-0.783402626953108,45.80926103069,259.297812608619,0.154036254882812
1998-11-01,103006.074515,0.491542491226197,3.70601503417968,3.18502443969726,5.45032599853517,1.94306717529299,51.8788558127104,237.712633125124,0
1998-11-02,102839.03456375,0,2.81162473999023,-1.35725762939453,4.61948859863283,-2.00836128662108,45.640111460601,233.279968137274,0
1998-11-03,103804.767430625,0.446433701400758,1.02746012207031,-2.3289550390625,2.11626509033205,-2.71937226562498,28.3216303270789,273.299962820601,0.113841552734375
1998-11-04,103329.891769375,0.702152684707642,-0.151257398681638,-0.590447512207031,1.66084338134767,-0.185039182128887,39.9779850981147,256.143760029957,0
1998-11-05,103368.29034875,0.533448124313354,0.73836760131836,-0.760312829589844,1.45931926757814,0.0709601000976751,37.6602263880401,260.677441634101,0
1998-11-06,103533.46154,0.338937260360718,0.0695287634277367,-2.70656295776367,2.0119218286133,0.285233564453143,41.7694686749196,246.834287277263,0
1998-11-07,103263.060771875,0.59233619682312,0.751130734863282,-1.31286989624023,0.382580043945331,-0.956115058593732,35.1785594689946,245.040219049516,0.0500378417968748
1998-11-08,102372.41217125,0.298615478820801,-0.169734650878904,-3.25593156982422,0.470037412109395,-4.87490595458983,41.9179258671071,202.722894448923,0
1998-11-09,101800.017308125,0.0257553929901124,1.30191603637695,-2.86221036987305,-1.56810327392576,-8.38217034912108,40.3484833380696,206.348002032144,0
1998-11-10,100525.68492125,0.0240836115264893,1.28433709594727,-1.4588627746582,-1.80739479980467,-7.9060140722656,37.4120543865078,212.60384907453,0.00640869140625003
1998-11-11,100380.245861875,0.492322111053467,-1.27592074707031,-1.54518112060547,-3.62462620849608,-7.16008421386717,22.0274382907834,235.169603975826,0.546870117187501
1998-11-12,101518.86308875,0.908207627334595,-3.28030105346679,-2.60376034790039,-4.12098501464842,-8.63912896728514,33.7494428164882,203.64380008032,-0.0296075439453126
1998-11-13,102462.9656975,0.172501249847412,-1.35786826782226,-2.96867599609375,-5.86019187011717,-9.65793658935545,33.8383259852014,194.788455049254,0
1998-11-14,102691.09951375,0.0986966823577879,-0.123812685546873,-2.6969581640625,-6.63222770507811,-10.4648201611328,33.0285091443311,213.478213922309,0
1998-11-15,102394.366965,0.315025114517212,1.70959873291016,-1.05862477050781,-2.95590559570311,-6.84880283447264,32.0412597140652,214.775133169497,0
1998-11-16,103380.33154375,0.135837789382935,2.13736991821289,-3.44622587280273,-1.70681421386717,-7.12419221435545,26.6314392775819,224.54143586509,0.00347351074218752
1998-11-17,103996.0604975,0.535154750442505,1.21537631103516,-0.703317872314453,-2.83122724121092,-5.7600935986328,24.5742695128171,231.701860485361,0
1998-11-18,103926.241095,0.519448047790527,0.43598821777344,-1.65228114013672,-2.97394891845701,-4.69958003173826,24.1461163005641,251.640810740922,0.13315673828125
1998-11-19,103776.90751375,0.554459165267944,0.318694055175782,-0.162157143554689,-2.95515163330077,-3.89602662353514,15.9575704421925,269.967401504774,0.338640136718749
1998-11-20,103712.44265125,0.865226454162597,-0.294301905517576,-1.21405451782226,-3.83628852783202,-5.12403349365233,19.1730658436711,239.386788150636,0.12802978515625
1998-11-21,103233.87679125,0.415818502960204,-1.14375448608398,-2.47389865722656,-4.82307502441405,-6.58111382812498,18.179262815712,237.151071722793,0.112354736328125
1998-11-22,103582.39588,0.58720684677124,-2.54389988891601,-2.41527570068359,-3.94376092773436,-5.8724333642578,18.4495759650062,231.704722943612,0.149114379882812
1998-11-23,104028.53121375,0.505135370788574,-0.370495826416012,-1.23218824584961,-5.50418817871092,-7.65367079589842,21.1994852785193,232.678942926613,0.0330810546875001
1998-11-24,103897.794610625,0.877730805358887,0.742050556640625,1.65889015625,-4.56784710449218,-6.96315119384764,7.31184287808225,301.877306716928,0.570219116210936
1998-11-25,102302.54857,1,3.49346953735351,5.52850116943359,3.00121669189455,1.55561600341799,11.2554475343774,288.297255793404,0.220992431640624
1998-11-26,101255.169640625,0.50346707359314,3.44288591308593,1.73343946655273,2.61127445800782,1.88955547851564,19.5631490248802,232.559861250011,0
1998-11-27,101851.583298125,0.381028053512573,0.05948358886719,-2.30686202392578,-1.73920806152342,-3.55587757812498,11.1259457132954,263.807196028723,0.444407958984375
1998-11-28,102277.197085,0.736411489715577,1.54294524169922,1.7248262121582,-0.71727882080077,-1.79039590820311,14.1348510837899,275.581752595189,0.0911810302734376
1998-11-29,101746.65422625,0.731164294052125,2.48655874267578,1.7793934399414,0.45691367187501,-0.371408447265614,17.7810483188466,243.564885879945,0.0296075439453126
1998-11-30,101217.635655625,0.370988418502808,1.92038583129882,0.662245396728515,-1.00679788085937,-2.10049068115233,15.4972181301625,272.589218893006,5.87207214355469
1999-08-01,102208.681140625,0.148170633010864,0.932617259521484,2.62395578979492,19.5182176416016,12.217235756836,264.95434803974,323.538074010854,0
1999-08-02,102154.883871562,0.580955354537964,0.59806937133789,1.23085759887695,20.1906266357422,12.5545748291016,269.42163565244,321.365447664508,0
1999-08-03,101902.783030625,0.237797164764404,0.446051153564453,0.445245355224608,20.6695168334961,11.8120079003906,267.871709916532,317.472675656986,0
1999-08-04,101475.577495937,0.275500046844483,1.16768762329101,1.31748499389648,20.235317800293,10.6623282421875,250.014206750524,325.679933656919,0
1999-08-05,101115.74767875,0.274643285980225,-0.142678756103518,0.221983796386713,18.6320020166016,10.4804493432617,205.1801456136,332.170133031628,0.0648595428466799
1999-08-06,101043.353295,0.506688019332887,-2.08422426147461,-0.640588201904298,17.1863958691406,9.50013982910158,213.340812607711,342.029179635316,0.946375961303709
1999-08-07,100328.238266875,0.711307135238647,-3.40405872558593,0.350504941406252,17.9889811767578,10.9655247998047,37.546790931673,363.84793527363,19.0491619873047
1999-08-08,99492.763130625,0.948859438781738,-0.900092083740233,-1.62899415527344,12.7686338989258,11.5067915039063,165.969907089683,351.155865015314,8.38576217651367
1999-08-09,99586.016829375,0.798113376617432,-1.0873561706543,1.28451040893554,15.947374074707,13.5113640600586,126.047131690653,356.867069760525,12.974965209961
1999-08-10,99810.46955125,0.669961206054688,-0.915395223388673,1.36963134765625,14.8376864770508,13.0686600683594,94.7732098990774,346.592983065894,8.2308106994629
1999-08-11,100410.38742375,0.83534750579834,-0.156063259277344,-4.78550507568359,12.752315209961,10.8184735278321,110.161738052684,345.837525672555,1.46828186035156
1999-08-12,101236.89126875,0.771115745162964,0.0484779101562509,-4.99989102661133,13.3929314672852,8.78160010253908,131.356193407048,329.451459855267,0.574078216552735
1999-08-13,101638.9292425,0.535166363220215,-0.158308959960936,-5.2655418359375,14.1498226879883,8.85624400146486,186.051125976647,330.649888470457,0.378786926269531
1999-08-14,101750.787204375,0.668402865829468,-1.2055400378418,-2.35391624023437,16.1863156982422,11.6608459570313,164.049012713986,341.684199134527,0.569725341796876
1999-08-15,101582.861780625,0.657049959487915,-0.845503334960936,-0.408558905029295,16.3797086279297,13.0508342358399,171.538500566575,339.477887259297,0.712693481445314
1999-08-16,101400.087480625,0.648606640701294,0.0683367968749991,1.96661638061523,15.8240592651367,13.4289533056641,203.236061438659,333.428601447906,0.0651913452148438
1999-08-17,101306.86558625,0.855547543869019,1.97905120727539,-0.887988662109374,16.8775947094727,10.949676772461,179.521414023255,328.560506568883,0.29352798461914
1999-08-18,101321.706810625,0.692649797592164,3.10955127075195,1.74733356445312,15.8474890844727,10.7524390576172,163.451588568724,335.586977458527,7.78557678222655
1999-08-19,100736.546175625,0.870816684417725,2.00332248535156,3.76189011108398,14.2577026074219,11.3947711352539,130.405798482328,341.357866449396,15.4322247314453
1999-08-20,100160.962841875,0.904794579467774,2.40277708862305,-1.55859010742188,11.2997559228516,8.3152858520508,157.25824532656,314.302482313635,1.01006042480469
1999-08-21,100704.704246875,0.796523834228516,2.01653542358398,-1.64978053833008,11.3164805639649,4.84412361328127,199.752248739035,300.092698871037,0.226119689941407
1999-08-22,101024.621473125,0.525635932922364,1.74181282966614,-0.725107042236329,12.9411402246094,6.6809981567383,145.211221418965,331.627679178127,3.2666584777832
1999-08-23,100533.23217875,0.987708441772461,2.26487000976562,2.45075897338867,13.0161078369141,9.11507904052736,195.94701867107,311.33026315245,0.63276123046875
1999-08-24,100143.591044375,0.57297182762146,3.16519889648437,0.182345998535155,13.4911936157227,7.13502555419924,177.583390409143,308.552799715302,0.227606201171875
1999-08-25,100202.992625625,0.311986657333374,4.45830388671874,3.53930939453125,13.7146497338867,7.68056017822267,218.133163631914,278.185424804622,0.125460510253906
1999-08-26,100555.492153125,0.10969116645813,4.87498106811523,1.082152578125,12.2022749926758,4.62412350341799,197.959251918319,282.733245188974,0.0692443847656248
1999-08-27,100775.79198875,0.197153289871216,3.48900335693359,-1.55413847290039,11.9611450854492,3.83448131835939,197.764026387038,284.566844069473,0.0148037719726563
1999-08-28,101061.2487725,0.111515707931519,0.934187233886719,-1.76983426147461,12.6039598706055,5.03132758056643,140.482662253789,309.27993782972,0.102511291503906
1999-08-29,101783.98392375,0.605614370498658,-0.279124877929686,-3.66004775756836,12.5634783325195,5.21149856689455,210.616572025904,277.779273125365,0.0243145751953127
1999-08-30,102516.60019875,0.058774735107422,0.381730518798827,-1.30948137451172,11.83372703125,5.7426120629883,204.408352344531,294.8298946791,0
1999-08-31,102764.494386875,0.611974505844116,1.18643862548828,1.99462120361328,13.1188875219727,10.0800404077149,136.400846090589,324.856484880107,0
1999-09-01,102452.78243625,0.970924495315552,0.968789195556641,0.441568867187497,13.8421373486328,11.4837836938477,193.310232873293,322.54718412261,0
1999-09-02,102514.8486875,0.14943803276062,0.733983485107422,0.0189867004394527,16.1016367236328,11.9549303686524,181.627705429988,329.57604801882,0.0264865112304687
1999-09-03,102219.978413125,0.764054170379639,0.657230539550779,2.81671523803711,15.1980682983399,12.4183212670899,98.8633555408272,356.55822495072,0.349318237304688
1999-09-04,102036.83703375,0.89832690246582,0.953810003662107,2.76306415771484,13.8123731982422,11.4852932299805,146.320489887762,313.91991984089,0.0148037719726563
1999-09-05,102236.8676875,0.853271684417725,2.57941677490234,-1.10113226928711,14.0550567993164,7.07248228515627,157.885727653834,318.523794961066,0.129595031738282
1999-09-06,102117.569430625,0.537835353546143,2.62369430908203,1.83284369995117,14.6299032543946,9.52248359375002,159.21842905139,304.986827163118,0
1999-09-07,101809.10939125,0.515638050842285,1.66761786987305,-2.09284604370117,14.9384204614258,7.25596423828127,185.437319733448,289.772670029614,0
1999-09-08,102593.937431875,0.0680173918151856,0.478541016845704,0.824537667236327,12.7214061694336,7.57993270996096,176.671423915341,305.579332317519,0
1999-09-09,102383.5881575,0.418572772140504,0.955884412841797,3.24189227539062,14.3473360375977,10.8600095141602,147.765848312329,319.754941431406,0.020924072265625
1999-09-10,101639.44706375,0.851861294250489,0.911694763183592,2.8710701977539,13.5975161547852,11.5034958740235,99.7739661832552,356.692222177627,0.275235290527344
1999-09-11,101003.367263125,0.810965317459106,0.356769682617186,2.66841030151367,13.4703405419922,11.7962513330078,75.8520640852492,351.047877853326,3.20768402099609
1999-09-12,100271.790943125,0.726339723739624,0.0885108630371067,4.41412956665039,14.1634556494141,11.703219362793,116.543158739757,324.005173298287,0.91867736816406
1999-09-13,100359.063383125,0.788006354370117,2.79833413818359,4.30065334472656,11.9721313378906,7.53478399414064,46.8606280087568,319.125390719675,9.13707641601563
1999-09-14,99626.044913125,0.705006317749023,0.423652242431637,3.98046942260742,10.5669632617188,9.31425177734377,49.5008631682826,324.947968344201,15.8401138305664
1999-09-15,98850.803951875,0.860505997467041,1.23215422241211,-0.924889768066404,9.04659739501955,7.79071013916018,124.068642075971,289.602925496771,0.995663146972653
1999-09-16,98558.703908125,0.549953893814087,1.98984821899414,1.88678629272461,9.45094735595705,6.17724343994142,156.37964225805,273.571427021342,0
1999-09-17,99587.57267125,0.370989533691406,2.91553637207031,-0.644966026611329,10.5320165161133,3.9246662451172,65.8765478336692,325.101862215956,6.41187438964843
1999-09-18,99390.357308125,0.98560184715271,1.47306897094726,3.18382729248047,10.0790229248047,8.37213708740236,109.305624102184,307.909128238171,1.25115600585938
1999-09-19,98971.34154375,0.464806270141602,2.88919831054687,3.36479240234375,10.2498049169922,7.52158413574221,134.977970146997,282.625004160408,0.801741638183593
1999-09-20,99854.042754375,0.409251003494263,1.28410892822265,-0.387655311279298,9.66647023437502,5.87364789550783,135.850304062158,279.70265520389,0.0694943237304686
1999-09-21,100681.19668875,0.774388355560303,2.74085527099609,2.12410178955078,9.25195267822267,4.26935464843752,55.2373584527393,327.314326266798,4.30072509765625
1999-09-22,99130.279971875,0.512950208587646,4.26335936401366,5.4239487915039,11.8474930541992,8.77514206787111,104.12585585139,279.262938380893,1.86957672119141
1999-09-23,99378.48113375,0.39210731803894,3.07040001220703,-0.524810837402344,9.15446837646486,2.7556580419922,144.616647880107,246.03532578072,0.0319851684570313
1999-09-24,101744.301455,0.0760949436950682,1.86856793457031,-3.16875615112304,7.16783554199221,-0.974404306640606,139.280915239767,256.05831010448,0
1999-09-25,102778.86273,0.70064145072937,1.089615546875,0.823799068603515,6.89814375976564,1.52653361328127,66.2006852010543,317.834266551928,0.458942565917968
1999-09-26,102533.147445625,0.786549824523926,1.35639532958984,3.08601045898437,9.40527907714845,7.54815074462893,57.3560679884347,326.397354500683,0.0644256591796877
1999-09-27,102234.554081875,0.882314975128174,0.596640474853515,1.16276819580078,9.60257802734377,8.32841261474611,62.5895696721674,326.889629053329,0.190776672363281
1999-09-28,101575.39385375,0.77512754272461,0.775001793212889,3.58831312866211,10.3259133837891,8.59997765136721,36.3803332681922,322.088733795096,0.470542297363281
1999-09-29,101078.1804725,0.95490560043335,1.57520383178711,2.68482677734375,9.97532701171877,8.90960212402345,95.7355761381023,308.946646569261,0.133900146484375
1999-09-30,101393.390426875,0.993282213134766,0.358345235595702,0.75990383300781,9.78234761474611,7.74454088867189,15.3208102515173,348.136634552158,18.8933679199219
1999-10-01,101011.773120625,1,-3.05182163452148,-1.6089439074707,9.66888064941408,9.36251146972658,33.9946117968553,345.649658953499,14.7982006835938
1999-10-02,100904.791675,0.786035337905884,1.10941676513672,1.79838369995117,10.0314747631836,9.27811000488283,64.5185526968688,328.933099030323,8.30685882568359
1999-10-03,100646.68860875,0.865668867721558,-1.73517143310547,3.56362018676757,10.287499987793,8.78163196044924,48.2614704193638,321.074592048371,10.5134704589844
1999-10-04,99894.74475,0.517001330566406,3.55615307495117,5.1985402368164,9.9637311254883,7.60564968750002,64.3812402711288,314.214896211132,0.753781738281251
1999-10-05,101446.60509,0.919242592544556,1.88190861816406,3.23623886108398,10.9682285986328,9.20646429931642,52.806448493605,356.352112549197,0.0832409667968748
1999-10-06,101674.05747125,0.915150513687134,0.256781203613281,4.17949538696289,13.2605410839844,12.2710144360352,55.0920334668566,354.302140174492,0.390065307617189
1999-10-07,101554.496614375,0.855180858612061,0.228360653076173,4.56454040527344,13.9163649902344,12.7647811767578,89.8036102261551,318.100639198906,0.0714556884765626
1999-10-08,101838.970125625,0.707837454910279,0.407093142089845,1.57060641113281,12.3473402954102,11.4804658227539,41.4603570800232,359.615235311689,0.450983276367188
1999-10-09,102116.3285575,0.998964318008423,-0.606363994140622,-0.345426378173825,10.8768322778321,10.550406328125,53.5972945559679,326.970730772929,0.159457397460937
1999-10-10,101898.1474125,0.820975019683837,-0.790447239990232,-1.36399885498047,8.83443635009767,7.92621871337892,42.9672379718232,337.075253912432,0.613220825195311
1999-10-11,101995.43438375,0.961751856307983,-1.56645204956054,-1.35272725097656,9.08510579589846,6.96666043212893,51.0661494913757,312.101613162416,0.367875976562499
1999-10-12,101869.383594375,0.488614745178223,-1.2021087512207,-1.86041592285156,7.90343279785158,5.68161024169924,43.4070199799828,327.826003716317,0.0994097900390625
1999-10-13,102848.71502625,0.948484800033569,-1.56891461669922,0.456092004394533,8.66974099365236,5.5870857739258,66.3816977595601,300.527348081003,0.0500378417968748
1999-10-14,103192.636054375,0.549411157608032,1.38258055297852,2.0069684765625,8.13907411621095,5.79215871582033,46.1833017879165,322.09464928931,0.283924560546874
1999-10-15,102581.980586875,0.940961601638794,0.771661940917968,2.71625888916015,7.87396316650393,6.05921039062502,18.5333483799628,339.305039675695,3.2061767578125
1999-10-16,101503.79556125,0.96533993598938,-1.93100016235351,3.02264147583008,8.48461879638674,6.68144396484377,29.0432708434317,349.31896823968,3.72363525390626
1999-10-17,100426.92786,0.926294468688965,-3.31946443725586,3.18550247070312,10.9401622998047,9.82860660888674,15.1351147909562,359.391404160848,10.317783203125
1999-10-18,99949.56637,0.782546224975586,-2.035077109375,2.46648631591797,11.1900442382813,10.4319089892578,49.7307141095973,299.508834424705,3.52410339355469
1999-10-19,100777.02777625,0.851893858795166,-0.841586119384763,-0.749703787841796,7.29691361328127,5.98623404296877,50.3487118772472,309.939606693813,1.97574645996093
1999-10-20,100761.13194125,0.867341765975952,1.01661857543945,2.55019534545898,7.65158992675783,6.24613544677736,34.4658874828181,344.329174440532,9.08501281738281
1999-10-21,100002.823815,0.867629853363037,2.29305248413086,5.58613504882812,10.9679218554688,9.66919471191408,61.2936405283346,300.749201395503,0.482589111328124
1999-10-22,99818.168180625,0.217025207824707,4.25460104980468,2.24980876831055,9.60814024414064,5.7829346044922,60.0537080462725,279.549504680021,8.67561706542968
1999-10-23,100950.74642875,0.993890281677246,0.800026557617185,3.33405590576172,6.86151972656252,4.06675145019533,25.9265627256986,313.978595020236,7.09864868164062
1999-10-24,100264.68697125,0.336092838211059,3.32391934936523,4.54824501342773,8.61333446777346,6.18605553466799,65.3306941591431,250.125371866949,0.328181152343749
1999-10-25,101012.86647,0.422113321685791,1.82035131591797,2.40396158935547,5.33511033935548,2.6771385888672,31.9108268118294,311.430768242998,2.46804626464844
1999-10-26,100656.8686425,0.966741118469238,-0.575475405273437,3.24504191314697,6.89142325927736,5.52554707763674,7.12684572838646,334.177285628813,8.18965759277343
1999-10-27,99745.810438125,0.965042830581665,-1.00158510620117,0.00723206542968678,6.67727057617189,6.25931193359377,10.3671631655721,332.609910062011,13.9623138427734
1999-10-28,99191.6128525,0.947358251113892,-4.86761998291015,2.46550882690429,7.11746501953127,6.30330597412111,25.1207876019241,306.449338055721,9.54722656249999
1999-10-29,99842.765813125,0.738729207077027,-1.81364555175781,4.09027878295898,5.64299374023439,4.36053305664065,41.6456860814541,274.530926061376,0.340526123046875
1999-10-30,100984.405454375,0.546451703033447,-0.535784041748044,2.1172388684082,4.34413649169923,2.68695851562502,37.149682923307,280.258905082164,1.91928466796875
1999-10-31,101332.591533125,0.813403776473999,-1.98598003417968,-1.91004292480469,3.72466997802736,2.15086644531252,11.9827300042998,322.766381675082,10.4736804199219
1999-11-01,101001.960901875,0.997469297714233,-2.1714396520996,-1.6655939453125,4.81241743408205,3.74818755859377,23.0048269837795,313.845622030006,2.33341186523438
1999-11-02,101315.715578125,0.796965284271241,-1.20110528198242,1.43752619995117,4.60692300781252,3.42384490234377,24.6519948780503,308.365496433085,1.12152465820312
1999-11-03,101652.4129325,0.857014411392212,-1.42255489135742,-0.245307377929688,4.70468796875002,3.92599919921877,17.7805628671656,318.899170236341,1.424248046875
1999-11-04,101668.11138,0.939112100219727,-2.14188330688476,-0.0633880993652357,4.46440121093752,3.22537886718752,29.625379082974,285.630007902646,0.1860791015625
1999-11-05,101426.263229375,0.65993511138916,0.248083806152346,-1.42018473754883,2.18635765380861,0.896972128906269,20.8074754609512,296.43292629261,2.72370483398437
1999-11-06,101663.7884475,0.995270640258789,-1.85011483032226,0.484858291015621,2.40101916992189,1.54555798583986,7.44182256566272,337.495334594193,2.81109558105469
1999-11-07,101815.660918125,0.996396713867187,-0.521292016601564,3.67560216796875,6.8549873754883,6.00558006347658,13.8368216775852,333.199101439801,5.73613037109374
1999-11-08,102232.111009375,0.960246441574097,0.467837581787108,0.368214597167968,6.4405011645508,6.14351015625002,5.67757737926984,335.014703052561,2.82321472167969
1999-11-09,102340.837076875,1,-1.31006991333008,-0.345488662109374,5.24107537841799,4.91528693847658,5.72440071093616,347.358690648216,5.00999084472656
1999-11-10,100599.50261375,0.911138192443848,1.2597010180664,5.46783009521484,8.59228240234377,7.88532791259768,36.3991518689755,273.954127923669,3.63565795898437
1999-11-11,99606.87761875,0.634864244537354,2.16939794067382,3.6119323828125,4.15442845703127,1.50454169677736,10.7020781291635,311.971592704479,7.01882751464843
1999-11-12,99526.745108125,0.975248956375122,-1.63442423339843,-3.22922814331055,2.58247904052736,1.82275551757814,18.6987188699005,290.636673992151,1.86251647949219
1999-11-13,100410.777715,0.925551473693848,-0.0924862841796856,-1.48418140014648,1.45099921875002,-0.176807019042952,33.254062131603,241.597255402181,0.158086547851563
1999-11-14,100765.89486125,0.421174448471069,0.0473772192382841,-1.35566283691406,-0.934778198242171,-2.30176931396483,14.4056420995826,266.264930748785,0.0279541015624999
1999-11-15,100318.311206875,0.526480641403198,2.95413253417968,1.75549499145508,0.6538011279297,-0.650769650878892,32.0412597140652,226.66136353369,0
1999-11-16,100266.166085,0.0376534440612792,3.62806592895508,-2.350913828125,2.21716527343752,-3.84937942382811,23.374361905555,245.007248157418,0
1999-11-17,100377.2742225,0.950901906356812,2.2842916418457,0.664050975341796,1.14012400146486,-1.35472146972655,23.1939028283359,271.783405132208,3.12435485839844
1999-11-18,99515.958838125,0.644516737213135,2.34028454101562,-0.473557126464848,2.22992696044923,0.544848632812516,25.3840863536874,240.693943601628,0.336808471679688
1999-11-19,100993.3068325,0.217847009353637,-0.476476183700559,-3.83376368652343,-1.99020654296873,-4.91914580566404,22.338847958945,221.316915992714,0.0250189208984374
1999-11-20,101509.71392625,0.615177401046753,0.583059942855837,0.488541166992188,-3.75462273681639,-5.55869206298827,16.3589631305318,235.75203031896,0.678461303710938
1999-11-21,100578.983893125,0.359919302215576,1.90901384033203,-1.88494430419922,-1.69353070068358,-5.58831912353514,26.6679164202975,190.54575147602,0
1999-11-22,101690.474835,0.043637844772339,1.45500873413086,-3.17739093505859,-6.07387482910155,-11.7405789575195,20.8582885986206,221.806194398266,2.16938842773438
1999-11-23,100899.88301375,0.838426235504151,2.85471855224609,2.15163076904297,-4.81727344970702,-8.5053567626953,24.6292241601397,226.056800783534,1.29916748046875
1999-11-24,99676.47592,0.236600304031372,2.99041029418945,-3.50920660156249,-2.19470329345702,-8.54600925048826,23.667771935608,203.121167730953,0
1999-11-25,100477.270235625,0.149545464477539,2.12765032470703,-1.81457163330078,-3.64717877685546,-8.5289391870117,22.1214262873293,217.221054915939,0.0570623779296875
1999-11-26,101005.752269375,0.937166211547851,-2.51130312988281,-1.25411730712891,-7.65259306640624,-10.7460090136719,12.5932689301307,273.043121903602,7.556337890625
1999-11-27,100052.574191875,0.98585864654541,-5.40864192993163,0.415766602783201,-3.38547245605467,-5.73945124755858,4.75404348213166,293.769639763421,17.0448510742187
1999-11-28,98093.590785625,0.87331211517334,-1.92651495117187,-1.4541677734375,-0.509365239257797,-1.82713212402342,7.89817748650721,305.012593554048,5.32245666503905
1999-11-29,98892.974358125,0.988221919250488,-0.634905594482422,0.599660994873042,0.904065375976576,-0.217529560546862,8.77585137015849,302.258726671557,2.35136596679688
1999-11-30,100138.931539375,0.907796550292969,-0.228882312011717,-2.15971424926758,-0.081316025390609,-1.14939865722655,6.09538440257209,293.102595020443,1.82868530273438
2000-08-01,101351.101400938,0.778922481155396,0.354621657714841,1.93519576171875,15.355912084961,13.1132525561524,154.017792482014,350.47471359582,1.73673946380615
2000-08-02,101132.309050625,0.787336109237671,0.489621010742185,1.64069910644531,15.7810982666016,12.9695150024414,185.309686237634,344.57918035253,0.962355346679687
2000-08-03,101040.91113375,0.729008257751465,0.879038642578123,2.02840814086914,15.4769007373047,12.7767541455078,225.427563671692,327.644470446884,0.666486663818361
2000-08-04,101000.53828375,0.518054610671998,0.657602805175781,2.34411930297851,16.2363177124024,12.916945546875,253.397074893087,327.238411034261,0.00370094299316407
2000-08-05,100896.666736875,0.461939471893311,2.3709266418457,1.21735128662109,17.2441066845703,11.7997006835938,268.890154832114,303.024222994695,0.00891120910644536
2000-08-06,101038.608085625,0.794850928192139,3.19041952636718,-0.108057346191409,15.7555258520508,7.60614145019533,144.48543465222,322.593694802535,6.06496810913086
2000-08-07,101054.6826375,0.598542834014893,1.91954066162109,-1.53012331298828,12.2578063574219,6.02977373046877,228.265089191401,289.239204854431,0.00740188598632814
2000-08-08,101925.3986625,0.240578459167481,1.32500571411133,-0.302367369384765,13.2913997363281,5.91639466552737,245.937849548365,301.861983403804,0
2000-08-09,102259.164129375,0.654819245376587,0.555107069091797,2.03730145874023,14.6154611059571,8.42864454345705,148.383351383857,333.891520870143,0.332248382568359
2000-08-10,101982.683978125,0.952382110519409,-0.339786033935546,1.77197841796875,14.4902334106445,9.32929243652346,144.428002968732,348.300306435286,0.188422241210938
2000-08-11,101745.555855625,0.804846164016724,-1.58662354736328,1.19434069824219,15.7131489819336,10.154797878418,96.3652069683241,356.60323969043,11.4454072570801
2000-08-12,101072.643375625,0.998757789611816,-3.80525076782226,1.46631723876953,14.5639305053711,11.8928813793946,136.743054444206,344.608044031259,3.67067657470704
2000-08-13,101077.300295,0.79616002746582,1.21953186401367,3.01836108276367,14.7781653857422,12.4260474511719,223.162706631885,317.744441872436,0.103773651123047
2000-08-14,101604.089721875,0.330232500915528,0.951450983886717,2.18888431640625,15.4017121118164,11.891880534668,136.025403259782,357.871897377196,0.293167114257813
2000-08-15,101840.183811875,0.908742897720337,-1.40823299316406,0.274560971679688,16.3019418896485,12.5713579833985,133.447846359675,367.202682359425,5.67794006347656
2000-08-16,101184.938615,0.960151999130249,-4.20019903808594,0.637508146972655,16.4311877197266,11.6545914526367,117.363610006513,349.902657278666,3.47105255126954
2000-08-17,101105.488303125,0.628934696044922,-0.0537028015136773,1.76655751708984,14.444577277832,12.526670522461,134.66642394555,346.940615654638,5.3467239379883
2000-08-18,101058.9439475,0.87606018409729,-1.28090578735352,-0.179290880126953,14.3377429492188,11.9864467553711,82.0645665502993,356.187274207221,6.24203063964845
2000-08-19,101039.433628125,0.986082788085938,-3.91131504882812,-0.705811955566407,13.9118429223633,11.42976453125,111.869262192376,346.017064809358,1.99778717041015
2000-08-20,101152.3040825,0.99439049659729,-3.61376658325195,-2.83938270019531,13.615992878418,9.67318095703127,47.3137137159373,351.355122545176,10.3485894775391
2000-08-21,101212.541468125,0.999904912643433,-2.25931209716797,-5.0201944152832,11.7626185595703,9.94436103759768,77.5348083818119,347.489393061468,3.1766796875
2000-08-22,101499.62310125,0.996229527664185,-1.58423308471679,-1.66370200683594,12.5294613916016,9.27347730712893,104.51738851357,346.737805770472,13.0186929321289
2000-08-23,101242.27140875,0.970297720184326,-1.12657253540039,-0.768350959472654,12.9250105151367,11.8532667944336,80.2049708789514,353.773109486636,6.20707489013671
2000-08-24,100731.998205,1,-0.210724746093751,-0.77285977294922,13.2739329980469,11.9562537402344,130.802452327891,337.9829077559,3.48879058837891
2000-08-25,100075.13129375,0.785191577224731,1.7656803137207,0.0960646386718721,13.7016052465821,11.4990756713867,162.081152784451,317.112232080159,0.675127563476561
2000-08-26,100136.9773575,0.633931914215088,1.3105946887207,1.14988121582031,13.569225913086,10.3427246191406,81.187005496238,338.213377126627,5.35262847900391
2000-08-27,99785.237285,0.944716669158935,-1.37537218261718,-0.216061896972656,11.8306773144531,10.7166202001953,191.401876804293,312.235186330213,2.8251986694336
2000-08-28,100425.859363125,0.520472287368775,0.858884047851562,-2.21734968383789,13.1835651049805,9.74822963867189,157.493865747325,309.263240709671,0.235079345703125
2000-08-29,101229.401013125,0.690085637741089,1.25207767333984,0.0150309130859375,11.7714209326172,6.65709005859377,199.011377414637,288.403443607878,0.0125094604492187
2000-08-30,101137.449556875,0.376455978393554,3.90138653808593,-0.353464250488282,12.5005909936524,5.46784220947267,176.883947455347,307.11660134677,0.308727416992189
2000-08-31,101748.1571025,0.91136560508728,0.6860964453125,0.85289780029297,12.0582671704102,5.69861695556643,56.8469948639248,372.263750681632,1.97320709228515
2000-09-01,101140.61316125,0.929810637817383,2.24918794433594,3.64523854614257,14.4423171508789,12.7301523925781,203.950671913042,287.460089154754,0
2000-09-02,101257.7832175,0.622643339385986,2.45568378540039,0.365716917724608,12.8929329882813,7.0724880786133,144.51461532343,305.873345843655,0.10530517578125
2000-09-03,100761.193001875,0.585801005172729,3.04654474121093,3.44454341308594,12.7691268554688,8.59140498779299,190.713039831949,278.923263241199,0.0148037719726563
2000-09-04,100868.8151975,0.137715657272339,4.28401974121093,0.461680072021484,12.3745721850586,5.29206230957033,175.934146071159,283.945658628871,0.182054138183593
2000-09-05,100784.960350625,0.485480904464721,3.50137201049804,3.53023172851562,11.4122638769531,7.08238048095705,185.511229751876,274.329573598919,0.360559387207032
2000-09-06,100357.802285,0.435797522583008,1.1008873815918,1.4152941015625,9.93964796386721,5.74259018554689,165.023795896789,285.482166532464,1.14206390380859
2000-09-07,100647.96635,0.615143891372681,1.4533614074707,-1.36828829345703,9.5599170629883,5.67323551269533,182.97268534174,265.094631901471,0.0944241333007814
2000-09-08,101410.30227,0.126298808898926,0.621822478027345,-1.87079858886718,9.01987296386721,3.83198415039064,135.11468168406,291.346231312757,0.0557614135742189
2000-09-09,101191.53626875,0.976548981323242,1.88031427490234,1.06237355834961,9.91427035644533,6.28284122802736,123.359905377298,307.028189407521,0.0969488525390627
2000-09-10,100513.365635625,0.785770639953613,4.33267161865234,1.65937323242187,12.6101215771485,7.47136166259767,121.647986572486,286.296835519775,0.467792968750001
2000-09-11,99995.357354375,0.433004800567627,4.75619883789062,1.7463453918457,10.1864722949219,3.60535401123049,175.113700493289,258.206658977891,0.0148037719726563
2000-09-12,100369.331516875,0.313301957244873,4.07353036376953,-1.57554866210937,9.2295899926758,0.289671481933612,89.0955538235392,290.49526343452,17.5683392333984
2000-09-13,99355.9458925,0.760296421585083,-3.65174724609374,-2.50925537231445,5.58076353515627,2.45691286376955,90.3324619511104,297.780756336692,1.92098266601562
2000-09-14,100425.04797625,0.53144841506958,-0.20971678588867,-6.76063315063476,8.97976621582033,1.29657995117189,156.233009302258,257.74894678345,0.109227905273438
2000-09-15,102385.12564,0.0700244430541992,0.452823914794923,-4.36765479125976,8.1508580004883,0.465372529296893,133.245931645564,269.793933121391,0.0316268920898438
2000-09-16,102807.598784375,0.779589704360962,1.37325896362305,0.940647105712891,7.00129003662111,3.06340217773439,136.101347055272,294.283527819569,0.00173675537109376
2000-09-17,102175.516631875,0.728107190017701,2.29792963989258,0.767343862304688,10.4691471118164,7.11818938964845,118.263853600738,303.160990294701,0
2000-09-18,101279.73063125,0.886051753692627,3.19362133789062,1.43278138427734,10.8327360644531,6.80833106445314,124.868264431541,277.874382543738,0.190712585449219
2000-09-19,100406.807924375,0.387123758926391,2.74815639770508,-1.29327577270508,8.73336236328127,1.99955051513674,153.080118204668,242.593037688702,0.0851828002929688
2000-09-20,100925.415600625,0.0750796488189697,1.84221536743164,-1.05791276611328,6.30327367919924,-0.699673364257795,153.181657250408,240.453224990065,0
2000-09-21,101019.633975625,0.0950702480316165,2.36376071166992,-0.185583999023438,6.19072197998049,-0.438757536621075,107.384757459811,270.476599547759,1.65693359375
2000-09-22,100402.15352,0.973763374176025,-1.7048846496582,-1.34207762084961,5.69478235839846,-0.739327707519513,27.242161670015,318.56380087291,9.74211181640624
2000-09-23,99825.76242,1,-2.65827620117187,-2.99259589477539,3.61602948730471,2.36776652099611,30.868193223281,335.038309088696,21.1964819335937
2000-09-24,99345.99207375,0.969902320251465,-0.547657158203127,1.44024695190429,7.08489806396486,6.51389284179689,86.0627375873872,299.873072044642,0.336167602539063
2000-09-25,100529.473749375,0.443683052902222,2.59573210083008,-2.90057000854492,7.68007477294924,3.20477381591799,136.919088278538,257.858935722512,0
2000-09-26,101980.4005775,0.282479544448853,1.47321656738281,-0.499512214355469,7.05957332031252,2.33486456787111,130.095926472884,267.729451240681,0
2000-09-27,102217.52634375,0.520522818374634,0.281147437744141,0.855182567138671,7.46370655273439,4.85979121582033,46.8713747901591,324.320399735475,1.47692474365234
2000-09-28,102143.133210625,0.958601984786987,0.573846911621094,3.55095903564453,9.15353208496096,8.01749044189455,69.3457457828815,336.003039060222,0.268197326660155
2000-09-29,102109.241965937,0.966838689346313,2.25737831787109,2.9261707421875,10.5116132543945,9.51552837890627,32.2395250072388,355.636972060186,4.59796844482422
2000-09-30,101491.0371225,0.776016396255493,3.22439607299804,5.32579510375976,11.9909156347656,11.1358424829102,106.437871393115,302.175405337924,0.0375283813476561
2000-10-01,101262.230281875,0.651119675827027,2.92946636474609,3.26142083251953,11.3282824389649,9.49244641113283,92.8094978791934,301.575356719511,0.642816772460938
2000-10-02,100868.71458625,0.339485335464478,4.11253998779296,3.00217471557617,9.85188633056642,5.33664517822267,29.3581367474137,297.368427711462,2.71554107666015
2000-10-03,99643.354428125,0.503536752929687,4.84528284545898,5.49796926757812,9.37579650878908,5.34099297607423,107.381957342278,249.507245862307,0
2000-10-04,100417.40525375,0.173551554870606,5.67340163452148,0.6181509765625,7.35180197265627,-0.75977480712889,107.646842345335,263.09356593918,2.62852661132812
2000-10-05,101227.831308125,0.754395336532593,-0.217537229003908,1.51913572143554,5.84040918457033,1.65475639404298,45.1663639532861,325.722465730837,17.1627694702148
2000-10-06,98810.818250625,0.797021954650879,2.15934925659179,1.24551478271484,7.62016000244142,5.45953582031252,103.146096788857,270.160041436965,4.55387939453124
2000-10-07,100150.847378125,0.808095685806274,1.77020528320312,3.04165756713867,6.16960005371095,0.876266120605486,94.5492306001406,290.759619371097,6.50764831542969
2000-10-08,98640.965111875,0.303792019195557,5.5973836755371,3.50731811157226,9.04293725341799,3.76168559082033,72.2047122431917,268.435677243942,12.3902362060547
2000-10-09,100097.586021875,0.852739914474487,-3.32315898315429,-0.646333900146486,4.22249810546877,-0.739042512207017,91.2061239843219,281.693328517987,8.69563476562501
2000-10-10,99166.68893375,0.666076826705933,2.15331043945312,2.08617589843749,4.07175981445314,1.07934713867189,39.9337848173768,312.813911104279,13.6654400634766
2000-10-11,99079.010420625,0.98648896156311,1.17029608276367,-2.86981603759766,3.62537575439455,1.96651465087893,73.80162901441,272.189359359682,0.06103515625
2000-10-12,100935.14780875,0.682694938049316,-0.165391688232423,0.182594157714844,2.97125670654298,0.323564636230487,18.6787504028553,305.626304034318,5.61253112792968
2000-10-13,100316.96944625,0.482995919036865,2.03689802368164,5.01351606201172,7.13577029052736,6.10559032958986,87.4961410531994,254.378855880833,0
2000-10-14,100443.56431875,0.37520700340271,4.25229964721679,4.62702387084961,7.04711891357423,3.43860700195314,14.3003891588538,311.880743077199,9.64658264160155
2000-10-15,97830.47717625,0.826473163375854,5.27716197387694,7.93366634887695,8.14669903808596,4.92765559082033,78.6193764148587,243.361739521823,0.0250189208984374
2000-10-16,98785.041821875,0.408261515579223,4.96936752685546,1.99235683227539,4.94167755615236,-1.42039491699217,70.9005159615281,226.063772514413,0.534589843750002
2000-10-17,100449.96509375,0.170029047775269,2.78841116210937,-1.11925246704101,1.74219848388674,-3.99283948486326,84.1104161412712,213.08822176329,0
2000-10-18,101793.19797125,0.450717815856934,-1.08986759155273,-0.0453168749999992,0.307623449707047,-3.80618139648436,45.1365610600731,256.210003325158,0.417170410156249
2000-10-19,101539.0068825,0.723630419921875,-1.20894480346679,-1.40751217041015,0.88169064941408,-1.68186248291014,24.2779609948954,312.945131917349,14.8537542724609
2000-10-20,100420.446118125,1,-1.04658601806641,6.79850238159179,5.96637973632814,4.64856309082033,28.7365180032606,318.863275256384,9.12418212890623
2000-10-21,99940.97272375,0.709833503112792,2.92890290161132,5.05953079345703,8.72137380859377,7.44410826171877,56.7832385604411,269.125661475141,0.10007568359375
2000-10-22,100598.516036875,0.281890379867553,3.07094002197265,3.34673807373047,6.2209955004883,4.06741455078127,68.2466397993965,240.85796843278,0
2000-10-23,101351.419681875,0.270690262680054,0.772781159667967,0.0351949951171842,3.31352007812501,0.917277382812515,25.8557943950534,297.594290743069,1.77122253417969
2000-10-24,100916.758998125,0.99489891242981,-3.33653316040039,1.80803635986328,4.23237878662111,2.95390576416017,15.4536889010403,322.014642680435,6.1938623046875
2000-10-25,100896.29775,1,-4.5913801977539,-0.923550603027345,4.59034444335939,3.32677613037111,21.0640769706275,304.374741334127,3.54674621582031
2000-10-26,101511.768693125,0.810265795822143,-2.50599817382812,-3.91828661499023,3.35056912353517,0.859776230468771,60.0854051017818,222.238417060939,0
2000-10-27,102690.394866875,0.159946277389527,-1.18337450317383,-3.79699938232422,-0.84358670654295,-4.68437496337889,54.1130751151538,243.242158171323,0
2000-10-28,103445.936795625,0.525523338623047,-1.3722496496582,-4.61016154907226,-1.06860737548826,-5.74572020751951,51.0961332437844,241.503750012872,0.236167602539062
2000-10-29,103619.00220125,0.51809678527832,-1.9576679333496,-4.25377593383789,-1.19551397705077,-5.80620584228514,27.5959255751197,268.902112872349,0.577615356445311
2000-10-30,103199.799754375,0.776430952301025,-0.713341251220701,-3.19503299560547,-1.90075054199217,-6.00541330810545,50.2441124473995,224.024735128451,0
2000-10-31,103336.4609125,0.208974279556275,0.171286881103517,-1.69248246459961,-3.05188238525389,-7.30635389160154,50.4564292911825,234.461847661993,0
2000-11-01,103955.316298125,0.380850811233521,-0.0509584460449193,-2.37323540405273,-0.844713156738263,-3.71891008300779,42.6558958591934,242.129286740831,0
2000-11-02,103986.5512925,0.512743719100953,-1.11301470092773,-2.68547017578125,-0.243595280761701,-2.14886867675779,26.4207153221272,277.107607821051,0.0575616455078125
2000-11-03,103491.879025,0.852272644195557,-0.802475573730465,-1.81050766723633,0.118937770996112,-1.75961175781248,26.1106103053583,277.988044607433,0.0750567626953122
2000-11-04,102884.953891875,0.591375799942016,0.274722353515626,-1.13515999511719,0.00539072753907899,-1.97824067871092,41.0767367113539,253.668060753256,0.0626885986328127
2000-11-05,102627.98502125,0.470559385223389,-0.25572974243164,-2.79752076049805,-0.135585727539044,-3.14388048828123,41.357722212447,217.288606655124,0.1801318359375
2000-11-06,103322.6041225,0.416747413940429,-1.31172043945312,-3.07748016967773,-2.93412301025389,-7.68519417480467,35.1000224892322,235.255135442015,0
2000-11-07,102745.5674275,0.721998695449829,1.7261555871582,-1.99807803222656,-2.84126656005858,-8.85496358398435,33.9818300532064,234.932490222253,0
2000-11-08,101634.550535,0.676372616424561,1.16300794067383,-0.497446407470704,-1.9527092626953,-5.04973924316405,40.4214376235008,215.419524764893,0
2000-11-09,101211.730870625,0.281590513000488,0.739692432861331,-2.92786076416015,-1.8270155517578,-6.38255433593748,18.2491981985022,251.699141742612,1.18740417480468
2000-11-10,100802.92685875,0.891431357421875,-0.608163027343746,0.974806485595702,-3.34963816650389,-5.72799830078123,18.2208523714429,264.506707249162,0.261186523437499
2000-11-11,100076.6597425,0.954488076782226,-0.022634118652342,-0.447427738037109,-3.31565503173827,-5.05966117187499,11.4892759557734,283.197304284884,7.9721240234375
2000-11-12,99031.65226625,0.94584988937378,-0.499945579833985,-2.10977309936523,-2.32929123291014,-4.04042022216795,34.6683573374747,223.536275922611,0.0592150878906251
2000-11-13,99398.21372125,0.382996971054077,0.782682519531251,-0.592559283447265,-4.83168947998046,-7.01458961914061,25.6806745752142,239.168315931242,0.0842340087890625
2000-11-14,100022.587180625,0.771787745132446,-0.0624049743652331,-2.01023006591797,-8.14130733398436,-9.63458189453124,28.1355809703461,214.908200026361,0.0284924316406249
2000-11-15,100683.607113125,0.547075281677246,-0.358230549316404,-1.06382015136719,-9.37006668964385,-11.6376517382812,30.4568516199252,196.871409693832,0.060496826171875
2000-11-16,101285.718864375,0.28401837097168,-0.815447388916012,-2.38881118286133,-12.3215994036865,-14.9646840700149,27.4809114526417,197.049021483164,0
2000-11-17,102097.925473125,0.871831574707031,-0.603183469238278,-1.88997400634766,-13.5522529637527,-16.5159007692337,14.3573699980558,227.800926273305,1.1491845703125
2000-11-18,101923.23935125,0.859540545730591,-1.49353461791992,-2.094599140625,-11.4974271440506,-14.6862897125244,17.6407224423154,234.567837313574,7.49721313476563
2000-11-19,102283.85801,0.982128146286011,-1.31271746826172,-0.49015842163086,-10.6195703320312,-13.2197551512527,8.28509006142505,295.352003650873,0.990018310546874
2000-11-20,101090.570368125,0.962540859832764,2.08605150390625,2.34794533081054,-1.66176228515624,-2.88275911621093,26.1894279368737,255.238837326268,0.097012939453125
2000-11-21,99980.448721875,0.0152035283660888,6.15668234252929,0.913793857421875,4.51779312011721,-1.32343232910154,25.9936619613389,209.122296759296,0
2000-11-22,102418.20316,0.131522146301269,2.87497424316406,-1.49844975585937,-3.43400060546874,-9.03950869140624,22.8023708772663,221.813569091967,0.0725708007812502
2000-11-23,102621.31188875,0.569487397537232,1.83486073730469,-0.164664156494142,-7.7743762890625,-10.657575871582,6.14110029759119,248.627940216268,4.88744873046875
2000-11-24,101661.2985275,0.504238431472778,-0.162256309814452,-2.8491093371582,-7.36020100372313,-9.8030062939453,23.1816300030263,221.316157474463,3.40524475097656
2000-11-25,101788.37129875,0.772153182525634,0.636573854980469,0.445841376953121,-10.1022428931808,-13.2563533813477,5.60717171516375,280.829728940493,12.1147479248047
2000-11-26,102082.12876875,0.925395053024292,-1.77346805419921,-1.72009751953125,-5.66306719726561,-7.14861094970702,16.576862668646,252.595487501172,0.0325427246093751
2000-11-27,103238.16787,0.775828769607544,-0.570876269531246,-1.08945514648437,-7.44793977783202,-8.99571351074218,10.2390330773406,268.779597952511,0.463455810546876
2000-11-28,102995.1216525,0.933592155227661,-1.741887109375,1.55657297485352,-5.83822966552733,-6.73083241699217,10.1526985299526,263.186105165866,0.411187744140625
2000-11-29,102457.608335625,0.846945787353516,-1.89581204589843,0.969174375,-6.76352010742186,-7.75751900634764,6.52243017817784,276.832783384456,1.04432800292969
2000-11-30,102141.4903975,0.935871095504761,-1.8734087512207,-1.23065481445313,-5.12882024169921,-6.68118166015624,7.99995546549616,292.584466373195,1.07721984863281
2001-08-01,101569.837423125,0.340569470901489,2.16062407226562,-1.40134803344726,15.4322121606445,5.31386411865236,288.981302189657,294.400076341507,0.00103378295898438
2001-08-02,101848.45169875,0.578448443756104,-0.311411130371094,1.07450576416016,15.6590977807617,6.81139098144533,133.147458791337,344.774293957924,15.1796119308472
2001-08-03,100822.390534375,0.997316365661621,-3.61122709106445,2.07629083740234,15.7558173632813,10.753039519043,213.415721973936,342.377287512782,3.87751914978028
2001-08-04,100525.601403125,0.820151331100464,3.28771581787109,2.78647388305664,16.3557479882813,11.0575784716797,254.83015693679,309.68235516955,0.00347030639648438
2001-08-05,100990.65395,0.315847242431641,1.22095483520508,-0.0277853808593782,15.8113048754883,9.2707136254883,145.921708872577,334.007803318101,0.562351913452149
2001-08-06,100685.152170625,0.818423536300659,0.40990438842773,-0.131563172607424,14.9076210668946,10.2746382421875,139.905374397735,351.563848042074,8.80822704315186
2001-08-07,100115.769804375,0.837826182479859,-0.694496301269534,0.88657704345703,15.39861296875,11.4846877661133,167.414832210699,348.378589548471,4.39152038574219
2001-08-08,99803.010651875,0.75308755317688,0.830772613525388,2.42006490234375,15.1097153222656,12.817454116211,164.024248041222,345.583054117685,3.80207054138184
2001-08-09,100178.532743125,0.818017339019776,0.641620885009765,0.449747329101561,14.9611254931641,12.9259842114258,180.096930265117,333.678852441299,2.47562561035157
2001-08-10,100733.701495,0.621158821868897,0.660699517822264,1.66165366577148,15.3476342138672,12.4982631713867,155.88697517221,342.811762233921,1.2897004699707
2001-08-11,100702.3284375,0.990067194213867,-1.92603525634766,0.191589453125001,14.2833749926758,9.10643354003909,47.3348488788681,353.680637341409,3.83870086669922
2001-08-12,100250.18515375,0.94009709564209,-2.20861479370117,-2.71724084716797,13.1313331689453,11.0982605664063,77.5443562303029,358.401683857378,2.78894165039062
2001-08-13,99776.537093125,0.900868225326538,-1.83298423339844,-3.46583786743164,14.004402890625,11.4121560717774,174.404512476257,338.755767691261,2.12095596313476
2001-08-14,99913.10701375,0.712049007949829,0.550886556396483,-1.36869020141602,15.320033803711,12.0018604663086,176.63436745431,331.668589741504,3.2722883605957
2001-08-15,100395.93244,0.901227686462402,-0.194921508789064,-0.343578499755863,15.2123433740235,12.4800368041992,75.1110040794357,351.304601792588,2.71932418823241
2001-08-16,101243.95503,0.622368948135376,-0.80436260620117,-2.38409048095703,13.8233261425781,11.0331317114258,179.562024142293,324.499245894744,0.0260256958007813
2001-08-17,101926.975104375,0.318055948410035,0.724075065917968,1.12575789428711,15.4665077539063,11.0718520556641,214.892366906008,319.560482951707,0.0324208068847655
2001-08-18,101984.553036875,0.69019698638916,0.943446251220701,3.47896029052734,15.5008382934571,12.2426301049805,177.191603406311,350.610422955458,0.040937957763672
2001-08-19,101329.636865312,0.779041536026001,0.285261708984376,2.13310788574219,15.8684565209961,13.6457755981446,70.4713935051718,352.524128829981,0.303867950439453
2001-08-20,101223.674322812,0.860999644393921,-0.474040272216795,-4.44219243041992,14.5271953881836,7.89756578125002,234.37947163173,298.032347359243,0
2001-08-21,102216.543018125,0.548163507995606,0.607599458007811,-0.069520793457031,14.3346096704102,8.45871224365236,194.579311656206,339.419093324437,0.287630462646486
2001-08-22,102787.454928125,0.617854386520386,0.428434506835938,2.46053040405273,16.293551862793,12.9066295727539,113.179515242278,360.860570577034,0.322367706298828
2001-08-23,103036.74456375,0.641768558578492,-0.503987362060547,0.186145040283203,15.9376658911133,13.1648640405274,142.192718896293,353.829355748319,0.192881927490235
2001-08-24,102489.66682875,0.897984417800903,-0.443152000732422,-0.379538895263672,16.9318731933594,13.1864953881836,108.332412948459,360.478568933721,0.113066253662109
2001-08-25,101960.59314,0.997701473999023,-0.0521382104492191,-0.785994660644532,16.8922001123047,12.8100624316406,130.907002691089,348.130398109909,0.187244873046875
2001-08-26,101832.67964625,0.520891113357544,0.173318978271483,0.802726014404296,16.53942328125,12.3220498950195,153.93683422903,338.772320929879,0.622110900878908
2001-08-27,101954.133170625,0.900659623641967,-0.121496907958985,1.47951475830078,16.0362541186524,11.924113137207,49.5761024899465,370.20257665161,4.59565216064453
2001-08-28,101053.35826,0.986635699691772,-0.609635472412111,2.09244514282226,15.2253368994141,13.8708108618164,68.0092280903729,371.005687717063,4.30349487304686
2001-08-29,100622.87780125,0.956048599090576,2.37878571289062,4.12795868652344,15.3056644604492,13.7915685424805,182.673857595076,328.995208401053,0.127985229492187
2001-08-30,100660.59178625,0.363262183380128,3.27328281982421,2.4613594909668,15.0243630175781,9.65151329101564,151.597719437584,309.017337388822,1.47545257568359
2001-08-31,100779.86473625,0.808380288467407,2.16084972534179,3.81023650024414,12.9387336401367,9.05908223144533,166.726510082618,309.845909304572,2.33428100585938
2001-09-01,100951.48246875,0.482687616577149,0.82598964111328,-0.190534414062502,11.8797900390625,8.0419143701172,139.466536033688,295.81894582725,0.285270690917968
2001-09-02,101694.119898125,0.602771058731079,0.370433598632812,1.52990728881836,11.1949506542969,6.94790258544924,109.848692829543,321.568422511579,1.37542877197265
2001-09-03,101673.64542,0.802894110183716,0.209141170654297,3.18337708984375,12.7332039965821,9.75638550537111,113.394113329703,336.722321295923,8.82921508789062
2001-09-04,100988.245701875,0.90391029624939,-1.46531445800781,1.48559934448242,13.0353518090821,11.051733647461,101.197086748983,336.072101435912,2.33815093994141
2001-09-05,100914.3052275,0.797818131484985,1.31076062988281,0.155581343994139,12.9681966552735,11.1368040673828,78.8554474428727,345.971639521644,4.62150848388672
2001-09-06,100497.70711625,0.992033708724976,0.286904143066403,4.26412352905273,13.0111903710938,11.2050337719727,161.437347144404,315.041376275767,5.21976837158202
2001-09-07,99794.761784375,0.274145297393799,3.8444501599121,2.70370786987305,12.5404632055664,7.23535849609377,186.494174591064,272.652891759482,0
2001-09-08,100928.252421875,0.282710919799805,3.97273378295898,2.24590282592773,11.3284913476563,4.17122961181642,140.370517226598,313.071742835745,0.0575424194335937
2001-09-09,101521.227826875,0.298473127441407,1.51474784057617,2.40643982666015,12.8558914111328,9.13285950195314,63.8197383650738,335.556380373001,0.840416564941404
2001-09-10,101364.2456525,0.902599237365723,-2.74345438720703,-1.08809744262695,13.0798287890625,10.0704983544922,50.6898708682702,359.760536593876,1.73774688720703
2001-09-11,101578.10689125,0.926137144393921,-2.62068266113281,-2.45458351196289,13.59913625,10.4871019018555,113.520728988837,330.874231147044,0.01397705078125
2001-09-12,102372.3743475,0.433267075119018,-3.16393889282226,-3.41320869750976,13.7251584472656,8.22408600341799,155.808997599658,290.811087204832,0
2001-09-13,102993.582571875,0.313027740020752,-2.32595116699218,-2.51668840209961,11.1970823657227,6.7530280395508,120.793857095362,306.818892414527,0.0560940551757812
2001-09-14,102787.0571125,0.723594321136475,-2.17843627807617,-1.73175899902344,10.2515337866211,5.97805958251955,50.2717338895286,338.471952443016,0.885549621582032
2001-09-15,102680.57880125,0.955144428710938,-2.30882536499023,-2.13958710449218,9.78744430175783,5.27930153076174,101.655341758048,310.150180841913,1.57808807373047
2001-09-16,102668.32335,0.618389711456299,-1.41075838500976,-1.91435250488281,9.0989415161133,5.50761395263674,119.480770979791,296.368720567062,0.09796142578125
2001-09-17,102922.059216875,0.427419794082642,-1.08678458740234,-1.5846846887207,9.66558979492189,5.54714756103518,146.929597110393,296.86413064453,3.35536010742188
2001-09-18,102341.65678,0.772347208938599,1.54097413940429,2.25188388549805,9.93310121826174,6.24229222412111,29.144046156107,356.980813246413,5.27300018310546
2001-09-19,101139.2978575,0.975566510162354,0.697640152587888,-0.0384452124023451,11.1698022167969,10.2332803491211,49.3953153535836,353.596673637631,0.548874816894532
2001-09-20,100934.21769125,0.958994578170776,-0.745557899169922,-0.195148767089842,11.3201850708008,9.38261634521486,56.6937590067527,351.311737908595,4.26118286132813
2001-09-21,100729.42503375,0.96689186416626,-1.17509750244141,3.42780521362304,12.1779148364258,11.2224793920899,61.5527586593471,349.268631072213,4.48605957031251
2001-09-22,100689.6004475,0.716401572341919,-0.401204886474609,3.82741986694336,13.005355480957,11.829227019043,52.5310437905475,349.194507720527,7.55224060058594
2001-09-23,100701.7088975,0.931051936645508,-2.46466673706055,2.24753254516601,12.3646926757813,10.9523664208985,51.1975025710653,332.011388909728,9.32349822998047
2001-09-24,100569.579035625,0.749568273620606,-2.30594177246094,3.85335980102539,10.6847844824219,9.40918965576174,30.5665826627813,338.126844653383,15.1640295410156
2001-09-25,100423.505921875,0.910480648651123,-2.0381913647461,3.98103473632812,10.5052094116211,9.54722423339846,73.7954572832491,326.063480366355,16.5314721679687
2001-09-26,100329.076991562,0.915296451873779,0.34652225830078,1.58471211181641,10.1433206591797,8.23641910156252,50.9194741059684,325.993562050226,5.7902767944336
2001-09-27,100002.773399375,0.901666123199463,0.782344840087892,-0.0453312036132806,8.7479865185547,6.78915709960939,107.667649212085,286.023907378808,0.0125094604492187
2001-09-28,101078.266254375,0.324959890975952,-0.337214458007811,-1.16915989624023,9.23124072998049,6.55414766357424,116.810442793821,286.068720637108,0.0125094604492187
2001-09-29,101348.680186875,0.703213983993531,0.142354571533203,1.89537943237305,9.48680500976564,7.05196144775392,97.1625492654373,297.522598442379,0.0809658813476565
2001-09-30,101351.6233475,0.305522776565552,2.4441696105957,1.27085439331055,9.5887558129883,6.21039645751955,105.033294465304,284.112801681147,0.636074829101562
2001-10-01,101493.8728875,0.510712258987426,3.63508335205078,2.70602395263672,9.70175132812502,6.02408849121095,117.552770947336,268.481233850128,0.296075439453126
2001-10-02,101230.379940625,0.166169321517944,3.82695118530273,-0.171760653076173,9.44930776367189,2.42151492431642,116.454031660018,251.52805415839,0
2001-10-03,102450.745205625,0.1114293775177,0.98144426879883,-2.49983372558594,6.77623376708986,0.833785419921894,86.5221936626956,288.155859457991,0
2001-10-04,102244.096545,0.955186220550537,0.0391124096679684,1.93359295288086,7.42825933349611,4.67156471435549,103.018929544731,287.819243280183,0.0696356201171877
2001-10-05,102162.780463125,0.217495085220337,0.556568106689453,-1.66836318725586,8.79648011474611,5.85721054687502,96.3095516397666,279.235452523901,0.0029351806640625
2001-10-06,102704.66706625,0.742958276519776,-0.183431743164062,1.99428919921875,8.29309103759767,6.25598280029299,59.3955735223803,315.015997677293,0.206021728515624
2001-10-07,102085.848324375,0.653284465560913,1.22400625976562,3.67812242553711,9.23154727783205,7.47678750488283,16.9689886343213,342.247934995351,2.23217651367187
2001-10-08,101542.006142813,0.855999661102295,1.82777771606445,2.43852877685546,9.80351104248049,8.28731802490236,102.266103261578,247.285886288671,0.0500378417968748
2001-10-09,101957.173614062,0.275376709518433,0.120573841552736,-2.12595702514648,5.54343110595705,1.23796072753908,67.6981398443205,289.470943321007,0.067982177734375
2001-10-10,102181.017739375,0.775541072616577,-0.658561595458985,4.26822072265625,7.54769612304689,3.30669605468752,24.6922662712821,342.875513085555,0.991638793945314
2001-10-11,101781.216841875,0.991937652740479,-0.0575800500488296,6.4105626586914,11.0280127270508,9.38841686035158,36.8202584466718,354.990840613551,0.949235229492186
2001-10-12,102164.528648125,0.959160534973145,0.457509436035156,4.38032170043945,12.0635664550781,11.0005598046875,31.0174520744456,353.214277090753,2.830634765625
2001-10-13,102163.270334375,0.924356067810059,-3.20382265014648,1.56179759155273,10.7790396044922,8.86831422119143,28.6955674991566,351.445605950362,3.02406982421876
2001-10-14,101676.67052625,0.998455081634521,-3.44167384155273,1.93586973388672,11.1152652172852,9.7485977246094,17.8218793563259,350.203931483728,3.88756652832032
2001-10-15,101974.284223125,0.987216187515259,-3.44059677001953,1.78259198852539,9.2987926098633,7.37001159912112,28.22595178298,325.868919486693,1.22149719238281
2001-10-16,102411.60329875,0.985501595916748,-1.0009767590332,-0.217089206542967,7.0122903442383,4.74248173583987,38.2964385492785,305.999147991966,0.493009643554687
2001-10-17,101946.944835625,0.838458880004883,0.608741240234374,1.64770530151367,6.51733833007814,4.68600342529299,21.3314541802144,335.398629910011,10.5117376708984
2001-10-18,101314.852505625,1,-1.01839036376953,3.75034935302734,8.90253596191408,8.15917427978517,25.2485893939749,333.747360328295,0.976835327148439
2001-10-19,101661.734675625,0.95573150138855,-2.99878453491211,1.54846109985352,8.0700799169922,5.92719779541018,23.8163139870249,340.785303213901,2.15081787109375
2001-10-20,102290.311014375,0.983023299407959,-3.19069779296875,-0.794071613769532,8.56334007812502,6.58322389160158,18.4550266297542,345.830521941687,1.82793212890625
2001-10-21,102066.949814375,0.99956529624939,-3.91800427124023,-1.44540032714844,8.4329428051758,6.84642819091799,20.1070748778627,336.312386506887,1.20377502441406
2001-10-22,102102.44823,0.941392304229737,-4.02969681518554,-2.11045614379883,7.8929544848633,5.72535447753908,21.7774572232212,334.099850396811,0.660494995117189
2001-10-23,102406.84376625,0.92840459098816,-2.61997142822265,-0.92345857421875,8.44552109130861,7.29740552490236,23.4881311099527,335.116091342798,0.0860540771484374
2001-10-24,102473.639579375,0.928003702316284,0.474599655761719,1.37634600219727,8.53993973388674,7.69835981445314,50.0537919217998,297.089730091045,0.06103515625
2001-10-25,102890.30816625,0.893021006469727,0.51418983154297,0.619223985595702,7.07147541503908,6.63106131103517,26.8535161179294,331.382526079236,0.362288208007812
2001-10-26,102908.33421,0.983616561279297,0.470010996093749,0.833869439697263,6.7161953833008,6.31085523437502,20.1921144923732,330.406337741373,0.342113647460936
2001-10-27,102512.8048575,0.877299043579101,0.516184240722656,-0.766305891113281,5.08191782470705,4.15703434570314,47.2095615748211,278.211480380636,0.061573486328125
2001-10-28,102622.148145625,0.68816860420227,-0.461720087890622,-2.5904630871582,4.48748964599611,1.07546530273439,46.3242266568294,256.727533691136,0.0234814453125
2001-10-29,102560.7656825,0.752168218841553,2.28410929443359,1.6332861730957,4.11968187988283,0.76868802001955,16.9180593485447,310.308834415696,4.5526513671875
2001-10-30,101272.428398125,0.918280579147339,1.51092033935546,0.245824718017576,6.01034252441408,4.96578070800783,34.3822518381838,292.15172412552,0.0796453857421874
2001-10-31,102470.403990625,0.604055322418213,-1.00219551757812,-1.29312108642578,3.83595119140627,1.72575126708986,31.9280281094783,279.851639566262,0.0529730224609373
2001-11-01,102895.023575625,0.931425060958862,1.07488564575195,-0.0186033923339848,3.29684323974611,2.23555278808595,36.3341923659154,294.295253089516,0.12802978515625
2001-11-02,103026.47998,0.971551905670166,0.624795146484377,-0.32724867553711,2.94399974365237,2.56400197753908,17.489572510335,321.850437701199,0.50681396484375
2001-11-03,103135.535745625,0.988099275054932,1.42323405761718,0.709783492431639,3.07914228027345,2.57803763916017,31.3767370442736,290.973100540395,0.138860473632813
2001-11-04,102680.44991625,0.783807742843628,1.34684007324219,-0.466597833251952,2.69995176513674,2.0797319848633,32.6331770168213,282.246824975009,0
2001-11-05,101838.521868125,0.976524778366089,1.48293920166016,-0.19528003173828,3.34098224365236,2.31499953369143,36.7142175951094,263.280312184557,0
2001-11-06,101308.529915625,0.831180483245849,1.11222994750977,-0.872854954833983,3.77348864990236,1.90445932128908,41.7791852937216,238.784994940245,0
2001-11-07,101044.953895,0.592459675292969,0.859739876708986,-2.85101642822265,1.33911765869142,-3.6138564916992,35.9530066037965,232.052588895238,0.0529730224609373
2001-11-08,100680.73821,0.176580851135254,1.65210430419922,-1.36312777099609,0.876430378417987,-3.02351678466795,40.8690316585402,214.860895983753,0
2001-11-09,101144.584563125,0.0129057381439209,1.22048072021485,-2.54296692871094,-0.261816718749982,-5.6960003588867,25.0871643841298,238.109735444603,0
2001-11-10,101038.79196375,0.977067463760376,2.73062182739257,1.65444897338867,1.06263129394533,-2.2123072314453,33.1707616572211,260.022353035062,0
2001-11-11,101042.703545625,0.759870818634033,1.56401331909179,1.03055684692383,1.34075801513673,0.179845261230481,11.9894201352782,313.548013601431,5.04838562011719
2001-11-12,100008.274485,1,0.205727331542967,4.93434110351562,3.86780562500002,2.85525689941408,12.0894686926537,329.885027110059,12.0170812988281
2001-11-13,97621.9722575,0.842686474838257,3.5530543005371,5.03836565429687,7.69781759765626,6.68663142578127,18.9212377841664,269.096818818627,1.5187109375
2001-11-14,98169.48903375,0.662214761734009,4.15240620239257,3.62136123779297,4.2381521826172,2.01720122558596,20.7533324281578,259.988206439675,1.92276062011719
2001-11-15,98392.702161875,0.787270992889405,2.18623287231445,1.05527485229492,1.96070143310548,-0.238929731445298,16.6883648516194,274.609794892874,1.83557739257812
2001-11-16,99202.507636875,0.980201224975586,0.0451384008789066,-5.39879956054687,-0.396122297363263,-4.71040439941404,31.3988630216704,205.502909351839,0.0500378417968748
2001-11-17,100530.741454375,0.110906030807495,0.618248409423829,-4.2144841418457,-4.45855646240233,-8.82209975341795,29.2723950294467,203.54388805623,0
2001-11-18,101306.23684,0.196057520523072,0.254259036865236,-1.29441022094727,-5.18810304687498,-8.09612390869139,20.2514057307619,257.702831718201,0.200306396484375
2001-11-19,101362.299240625,0.986809562072754,-0.365337481689452,0.957954505615234,-2.34264504150389,-4.52899847167967,5.420166625434,325.381486176788,5.14747497558593
2001-11-20,99741.22033625,0.748567538986206,3.12105037963867,5.37630147827148,5.6310186669922,4.85266599365236,23.936492196574,232.417592618608,0.0319659423828125
2001-11-21,100662.2863925,0.411440132980347,4.47233681518554,0.963407122802735,2.15426106201173,-2.67292732910155,16.0034228704969,273.167426926513,0.873919677734372
2001-11-22,101187.509340625,0.935495394210816,2.38861758911132,3.47258769287109,2.83282408203126,0.446710031738296,3.46111878168576,330.901536381877,6.39109130859374
2001-11-23,99094.366441875,0.866135436172485,2.11584124267578,5.69206692993164,5.88270438964845,4.9569165551758,5.46333389912801,287.85842264417,10.6750592041016
2001-11-24,97793.16244625,0.667999307785034,2.7842244567871,6.96872240966796,5.27783825195314,3.79230543945314,20.8798001762337,252.963125179171,0.782932128906248
2001-11-25,99187.325003125,0.225554218521118,2.97173009643554,3.94087118041992,3.50164751953126,0.899999438476579,11.488312637594,282.370900546149,3.0618212890625
2001-11-26,100503.93952875,0.918327691421509,-1.39734181396484,-0.156690081787113,1.50644669433595,0.948894697265639,8.89259491424993,295.171701966191,1.26673217773437
2001-11-27,100343.651588125,0.989897142410278,-2.08624465942382,-1.09381146118164,0.444364641113297,-0.600138857421859,5.54090756071096,298.094585678076,7.65513977050781
2001-11-28,99560.662885625,0.999633871154785,-3.57070634521484,-3.83812036865234,-0.113825876464827,-1.91284258056639,8.83604737859911,293.087843736746,5.93671325683594
2001-11-29,98514.2035615625,0.998549636917114,-2.6791135559082,-5.06123040039062,-0.980346865234359,-3.13578496337889,4.95760702529208,302.47170721881,8.62245605468751
2001-11-30,98065.01607875,0.996354462203979,-1.27294959960937,-2.77062845092774,-0.0303663061523267,-1.17973115234373,9.85197638395494,288.821991134623,3.86863708496095
2002-08-01,101464.925335625,0.605480875473022,-1.91941916503906,-2.05115676147461,20.9038116064453,17.5473250610352,104.679072782583,386.108832267421,2.06851505279541
2002-08-02,101692.9458075,0.983857622756958,-3.71301354125976,-2.65518767700195,19.1996161914063,15.2023927709961,166.527867663652,369.567808134308,0.899099807739255
2002-08-03,101469.354243125,0.798613191604614,-2.50531670776367,-1.71081344848633,18.7788822314453,13.438110390625,239.406575521448,334.276221238432,0
2002-08-04,101073.622364375,0.808803226394653,-2.07728870727539,-1.10986086181641,18.8165378808594,11.471158918457,213.152697473928,337.102514880614,0.0482517242431642
2002-08-05,101189.230165,0.54011132522583,-2.68021848388672,-0.0150961975097639,18.5785398583985,12.2543413867188,249.294019270697,333.686233653516,0.150575408935547
2002-08-06,101551.563126875,0.434245565490723,-1.75370459716797,-0.310987801513672,18.0594318603516,11.8197275708008,128.653213617756,355.9235068334,3.12506965637207
2002-08-07,101937.76014875,0.735301493453979,-1.52240264892578,0.159774913330081,15.9168459863281,12.631959987793,156.684306328586,348.179997499857,0.890978698730469
2002-08-08,101693.51327,0.716625382232666,-0.0382053027343737,1.16481399536133,16.3363511694336,12.28297453125,160.433057127544,348.103717585967,3.00303123474121
2002-08-09,101254.742565625,0.990698871231079,-1.93493412231445,1.76116485839844,16.7784545458985,11.3378350048828,78.1230824265912,366.00842002425,7.06456993103028
2002-08-10,101097.471453125,0.99480667930603,-3.1503962890625,0.841989700927733,15.767480053711,13.041033100586,153.272116240789,348.986875201021,0.971042785644533
2002-08-11,101670.13373375,0.766637273330688,-1.47304183471679,-1.58968674316406,16.5559679638672,11.9225473657227,194.407196279754,337.182868096774,0.206374969482422
2002-08-12,101731.299610625,0.441546895370483,-0.0629684741210937,-0.00792327148437233,17.5445868188477,12.3556670336914,199.929948706115,335.95485608459,0.0148135375976563
2002-08-13,101396.080877188,0.556294388885498,0.276647279052733,0.644968510971071,17.6713677050781,12.8162595532227,138.91726357518,355.840960610604,0.234575805664062
2002-08-14,100789.62691125,0.791748955535889,0.0294199096679663,0.331330755615237,17.2495976025391,12.6426126757813,118.596240091146,348.42284031808,4.52555206298829
2002-08-15,100036.7409675,0.745468346633911,0.277125502929683,1.01231758056641,15.7625126293945,13.3685502514649,87.6946113833378,360.26295206147,18.2482536315918
2002-08-16,99351.63529375,0.928577623977661,-2.65567448486328,0.0164519421386713,14.2150212963867,12.9399689819336,120.770855977533,345.240260342052,13.3615376281738
2002-08-17,99152.937138125,0.742739910888672,2.62168240234374,0.273534995117187,14.0280742407227,11.175311081543,189.152226396171,316.116543186197,0.323722076416016
2002-08-18,100180.534480625,0.483800924453736,1.27306934204102,-0.882106636962892,14.8539106103516,9.97793386230471,179.213485953868,320.304596941631,0.0385064697265626
2002-08-19,101101.153011875,0.288001456756592,0.570541341552734,-2.72880411376953,14.9475432250977,8.84649623535158,236.047798392627,314.31363893193,0
2002-08-20,101768.766584375,0.212341278381348,0.784304251708983,-1.72984364257812,16.4136945043946,11.4419336450196,193.476170118586,333.670012799966,0.15151123046875
2002-08-21,101748.58912,0.664999533233643,0.804278919677732,1.47877916259765,16.8484709838867,12.818138112793,176.161187650499,328.248905848937,0.258092803955078
2002-08-22,101446.369969375,0.628075774765015,1.06382317382812,2.69513248535156,15.1751844750977,11.6330057519531,131.974505248661,344.952847583962,0.162409362792969
2002-08-23,101135.22726125,0.981712087631226,1.28309913696289,1.72000085327148,15.5916659082031,12.610389741211,141.738715382029,343.694965241552,0.339430236816407
2002-08-24,101034.6096975,0.694968863830566,-1.0322805480957,0.456407561035156,15.9365107714844,12.8606427441406,100.755486904427,367.375465587494,5.50323028564453
2002-08-25,100586.8972925,0.981864511566162,-2.86521042480468,-0.630514095458985,17.5291013891602,15.4792051879883,113.641784709189,390.566075972545,15.9192129516602
2002-08-26,100116.46109375,0.92766785697937,-3.30661262329102,0.756209593505858,18.6138020751953,16.6693349145508,93.5752772837129,350.307034973362,4.56022613525392
2002-08-27,100304.044665625,0.682158472137451,0.635287105712888,2.06618485839844,15.2385223461914,13.2849517211914,133.2694286447,342.701166006184,0.910430908203122
2002-08-28,100587.58101875,0.95243998374939,0.506269926757812,0.889622615966796,15.8709945532227,13.665845053711,181.526088636128,327.519097750274,0.17396728515625
2002-08-29,100677.02965,0.555657427139282,0.726953939208983,2.91373331787109,15.4723315405274,12.9184149291992,49.4678467650896,356.489254545368,8.20208435058594
2002-08-30,100273.779584375,0.767437479934693,-1.17363366821289,3.084954296875,14.4192643847656,12.8770878735352,133.126777909728,335.684534401965,11.1852178955078
2002-08-31,100429.401426875,0.743598515319824,-0.309469134521485,3.02435801513672,13.4225193017578,11.186068022461,116.991420270857,340.437241469753,6.80129577636718
2002-09-01,100715.770270625,0.90317034576416,-0.795190410156251,2.42647969116211,12.7775896020508,11.3793252905274,119.01081013781,344.902011453708,5.45415985107422
2002-09-02,100905.68699375,0.767065329055787,-1.83989542236328,0.198964197998045,13.5041871899414,12.0710670410156,94.7993285269208,347.306514785101,8.43584136962892
2002-09-03,101034.765335,0.880963764724732,-1.10450005615234,-2.66065560424805,13.6388878637695,12.5216074926758,89.0117754826587,363.888145926142,2.58400268554688
2002-09-04,101322.406513125,0.887234952850342,-0.970185013427733,-3.06727731079101,15.3250571655274,13.2345776464844,144.627122543087,339.279983884515,0.511665649414063
2002-09-05,101477.228629375,0.801850375366211,-1.44755047607422,-3.34731915039062,15.1657441430664,10.6256890136719,58.3410918787432,356.858641593121,7.53236083984375
2002-09-06,101523.36945375,0.890201107101441,-1.78474822631836,-2.64550006591797,13.1743818920899,11.7439967578125,117.368546064035,331.849323426034,1.33836456298828
2002-09-07,101994.70720125,0.640009573287964,-3.04696333129883,-1.44194183959961,13.2787998388672,9.2311756152344,104.6045289866,328.010652658728,0.0471414184570311
2002-09-08,102506.656025,0.987642043685913,-2.69315443237304,-1.10968237915039,12.2064130517578,7.34002565917971,67.1788591974777,347.099689850496,0.603316345214844
2002-09-09,102347.920246875,0.999796581497192,-2.41720381347656,0.0464765454101566,12.5699703515625,8.42070924316408,52.0908275306889,354.093539121993,1.41797821044922
2002-09-10,101857.535583125,0.971240643157959,-2.86641578002929,-0.248986486816407,12.5219832495117,9.14058984619143,81.511281530241,344.819123660663,1.0399789428711
2002-09-11,101484.9966125,0.894922838439941,-3.36833876708984,-0.735598919677733,12.3903102294922,8.57493320312502,59.5545485182731,342.65184169762,0.527943420410155
2002-09-12,102040.463635625,0.907786645278931,-3.01712847167968,-0.819325688476561,11.9281262744141,7.69027279052736,84.6716933362942,331.723569159188,0.398093261718749
2002-09-13,102546.56381875,0.794774829635621,-1.88748430786132,-1.05458032104492,11.9593466601563,7.72909170166018,86.6493286697959,329.414910297763,0.0603109741210936
2002-09-14,102474.336655625,0.744076587753296,-0.919454615478514,-1.03968040283203,11.8384146826172,7.55034161621096,77.5243654817841,337.840215302425,0.703237304687501
2002-09-15,102629.24063875,0.835597680892944,-0.719876610107421,0.252668391113281,11.987566550293,8.31327420410158,98.5882125265666,331.194615982417,0.433720703125001
2002-09-16,102638.41839375,0.895276634445191,-1.73566296875,2.20570697143554,11.6535413891602,7.08162410888674,38.794469070268,347.248186864891,0.805114135742188
2002-09-17,101948.21719875,0.997365714263916,-2.65060768188476,2.39868692382812,12.0127497216797,9.05740220458986,36.2293158398689,364.619933046331,8.09247802734375
2002-09-18,101096.042553125,0.932065134811402,-1.07790271606445,3.24148968261718,13.4009734204102,12.6125523071289,72.4041359359574,355.371719175777,6.79184570312499
2002-09-19,100749.962085312,0.937287968597412,1.65616915771484,3.5372271081543,12.8913594335938,12.0236143041992,131.274064843365,327.922048719546,7.11353698730468
2002-09-20,100479.316045,0.752159188156128,2.63709065795898,2.44656519897461,12.5628492626953,10.1488079736328,99.3706582363308,319.194935465565,2.71418579101562
2002-09-21,99922.605939375,0.533319273147583,3.79267300415039,3.55899986938477,12.0374003930664,9.06367547851564,144.330644306706,270.939098466441,0.113841552734375
2002-09-22,100446.784904375,0.192997257537842,4.51562683471679,-0.223749189453127,10.8111166577149,3.6119084301758,135.528421864349,269.707007877915,0
2002-09-23,102771.41598125,0.150622020874023,0.501124041748049,-2.3048989453125,9.21881533203127,2.89052910400392,132.742823081917,268.598479912561,0
2002-09-24,103610.65366125,0.570009252166748,1.46158499633789,0.578088106689452,8.7146536279297,4.80303220947267,134.65772729676,267.718108548378,0
2002-09-25,103584.773289375,0.268178570327759,0.582013792724612,-1.34795797241211,9.15364161376955,4.85169274414064,132.893995769445,272.114173134296,0
2002-09-26,103456.548613125,0.36198882232666,1.09047122680664,1.33028914306641,8.9141759692383,5.84454817626955,101.387909555888,294.927994792717,0.05462646484375
2002-09-27,103182.35163125,0.664365469207764,1.41400859375,1.09664189086914,9.10136057373049,6.87604511718752,96.2277959352113,296.320293917442,0.0029351806640625
2002-09-28,103086.92810875,0.633895771484375,0.656544116210937,0.994101992187499,8.59638794921877,7.08311563964845,74.1567945190213,321.497738092016,0.302650756835937
2002-09-29,102660.47429125,0.787147540435791,0.925141887207031,2.13449056762695,10.292828959961,8.68182454833986,91.447783632591,308.83645757101,0.1016015625
2002-09-30,102754.3562875,0.581275504989625,0.913727260742186,1.26388882324218,10.3901178588867,8.90530512939455,83.1203063860863,322.969019825976,0.0592150878906251
2002-10-01,102688.85041375,0.677617252960205,0.336720700683593,1.92008396362304,10.857169584961,9.97290161621095,37.2041727411636,352.540120291019,12.1204364013672
2002-10-02,101374.786701875,0.890822373275757,2.68132562866211,4.29469383422851,12.7128147192383,11.9099674560547,84.3840594227266,308.792090890331,0.563016357421874
2002-10-03,100522.85465,0.526835715942383,2.37400224853515,1.84398085205078,10.0868569458008,7.63735021484377,59.3809789201103,304.268272867901,5.53919738769529
2002-10-04,99970.403066875,0.993684141082764,-2.11824757202148,-4.68515974609375,7.99849256835939,3.41131962646486,62.6636496460914,270.769523177983,4.16804870605467
2002-10-05,101090.37387,0.4171689478302,-1.60573649902343,-6.60863600708007,4.98697559814455,-3.01327752441405,50.5895015998965,274.008220704628,6.37607849121094
2002-10-06,101131.18611625,0.817834519577027,-1.61046532958984,-0.249360139160155,1.91713705322267,-1.83197640624998,110.716601501817,233.894939654137,0.184464721679688
2002-10-07,101645.265076875,0.0156932196044922,-0.788766068115233,-4.49398806152343,1.34022883789064,-4.71615334228514,96.1867664978018,242.546551423584,0.0308892822265624
2002-10-08,101945.84843375,0.757847275619507,1.55142990478515,1.31856260375977,2.47285701904298,-2.22820147705076,54.7086482388453,305.662755577043,2.04001892089843
2002-10-09,100705.456789375,0.80651975517273,2.56270647583007,1.53700119750976,6.66240321533204,4.79637820312502,80.3459862959806,270.441666937833,0.220980224609375
2002-10-10,99916.04298,0.531330269393922,0.834129986572265,-2.12202758178711,4.30456965332033,1.54393237792971,76.677209394798,258.653685546463,0
2002-10-11,100599.242615625,0.492364895095825,0.401012293701172,-4.96921291992187,4.20715672851564,-1.70362125488279,87.2878078524586,266.29908303306,1.50332336425781
2002-10-12,100430.275625625,0.675379094543457,1.1855312121582,0.529481407470703,4.61301052490236,1.24134544921877,18.9298706700165,324.280008638582,10.2959112548828
2002-10-13,98646.481095,0.954671435089111,0.552211925048823,1.08335381225585,6.23266023437501,5.75086193115236,30.1327384303093,314.989229568197,4.60147521972657
2002-10-14,98222.312983125,0.962908117294311,0.872563668212887,-1.69936116088867,4.32446108398439,3.37005262207033,33.3372886504554,310.372886541298,4.35164611816407
2002-10-15,99048.862509375,0.911145763549805,0.245407767333984,-3.54203422363281,3.67722046875002,2.4323576098633,41.9143326239275,303.515655888377,0.645469360351562
2002-10-16,99961.303193125,0.862255583496094,-0.105838735351562,-2.44044107177734,4.42543531982424,1.90042488525393,32.3838020527495,300.366951811536,1.53262145996094
2002-10-17,100471.6206125,0.938352133407593,-1.57758315551758,-3.81786308471679,2.73693497314455,0.101729501953145,34.0242177123601,268.468877587811,0.369068603515625
2002-10-18,101040.234814375,0.512107609176636,-1.61260782104492,-3.26743029296875,0.410105495605487,-2.90534358398436,77.3024685524844,225.407904537871,1.09515563964843
2002-10-19,100657.659715313,0.258887207717896,0.615265845947266,-1.07221043579102,-0.537123308105451,-3.39402690429686,74.5762690972922,225.95887702541,0.599083251953123
2002-10-20,100201.79940875,0.487230666122436,-1.0835738684082,-5.16061557128906,-2.67390471679686,-8.2647371533203,64.7383461602423,222.331867457674,0.0330810546875001
2002-10-21,100151.314245625,0.176151055297851,-0.0978884045410137,-2.69914106567383,-0.878649685058577,-4.81782317871092,72.6723041378584,234.441838898666,0
2002-10-22,100272.52987125,0.185285523681641,3.06484782104492,-0.101106329345701,2.59062379394533,-1.88303535156249,52.7725410685034,264.467400833368,1.56607360839844
2002-10-23,100684.684945625,0.954771085281372,1.30215937255859,0.982841120605468,3.08374792968751,0.575395566406266,18.7947612657232,318.175639587321,21.7907080078125
2002-10-24,96575.899383125,0.825474856796265,4.0429800830078,3.35894244995117,5.27235817871095,3.58859716796877,57.6746321429668,274.182471309958,1.17881713867188
2002-10-25,99024.72540625,0.822134542694092,-1.32612444213867,-3.60465419067383,2.31163244628908,-3.03928280761717,37.8936513725411,273.936305589201,1.28457397460938
2002-10-26,100131.24637375,0.979271951522827,-3.12321970336914,-2.50822367797851,-0.811591652832015,-4.33018069335936,59.7323885741918,231.811345957933,0.0365545654296876
2002-10-27,100226.072195625,0.453286321487427,0.994734782714844,-2.04349500732422,-1.7080568432617,-5.71357026611326,57.1764764664658,245.444437218342,5.3203955078125
2002-10-28,99987.280388125,0.630413362350464,1.41537088500976,0.175839141845702,-0.0345004077148297,-3.64404755859373,56.7464722326421,231.123163207581,0.747597045898438
2002-10-29,100596.9841825,0.487058526306152,-0.742177362060545,-1.83920580078125,-2.7919035229492,-6.55798881347655,30.1304915570262,271.640412115875,3.16150573730468
2002-10-30,99103.266415625,0.558848113174439,2.18755635131835,0.584825268554685,1.38355095703126,-1.38954132812499,53.1611005761749,257.648037307859,2.59566711425781
2002-10-31,99868.39440625,0.827658517532349,2.23324980346679,2.74174896606445,2.36492576416017,-0.390200432128891,47.4196635453096,256.594847989693,0.107022705078125
2002-11-01,99421.81830125,0.30810651260376,5.96893717895507,0.649461457519531,4.55136235595705,-1.46713678222654,53.2864608876036,220.754257583363,0
2002-11-02,102382.327725625,0.447672375335693,2.24287748168945,-1.56270931640625,-0.544145615234362,-6.09828524902342,38.6984330744431,275.036708875933,0.402060546875
2002-11-03,102488.862714375,0.973895177230835,-0.845609201660154,1.02903299194336,0.534466147460953,-3.37753944091795,4.22632716418417,318.144631361198,8.94105163574219
2002-11-04,101460.784053125,0.941617092437744,-1.63557118774414,0.251072832031247,1.99941848876955,1.39175903320314,19.2809119686722,306.84212819894,0.712030639648439
2002-11-05,101491.68828,0.993019805755615,-1.27109122314453,0.541739704589843,1.97080150390627,1.26395294921877,20.7326476354388,303.763295978986,1.17885498046875
2002-11-06,101781.510445625,0.829074744949341,0.340057416992188,-1.31887103149414,2.89991872558595,2.13503056152345,40.4475685772657,271.755915482625,0.246692504882813
2002-11-07,102929.0602525,0.595347370605469,-2.16848400146484,-1.90653638183594,1.19859462158205,-0.14587169433592,16.2810481357357,299.135215830293,1.40508056640625
2002-11-08,103393.94036,0.981555259780884,-4.01960006469726,-0.363446141357422,0.253267158203141,-2.34236386962889,15.5343172578443,291.09173848382,1.56679626464844
2002-11-09,103952.671883125,0.949521960906982,-3.68556953857421,1.32221992431641,0.218764631347673,-2.3485281713867,13.4041932076482,284.186469921883,1.88698059082031
2002-11-10,103696.7502375,0.99784348739624,-4.1889476574707,2.04839545898437,0.0803064355468919,-2.83342455078123,26.3966399528239,265.577830783237,0.177684936523438
2002-11-11,104261.667414375,0.946174937591553,-2.39599523925781,-1.86160653198242,-1.84783311279295,-4.15237626953123,18.9551587203744,270.821466507847,0.168801269531249
2002-11-12,104560.62330875,0.903030468673706,-0.576044331054686,-1.26606473876953,-3.99826246093749,-6.79228771240233,24.9632528425615,244.549511785208,0.0626885986328127
2002-11-13,104200.29298375,0.730798640594482,0.562691972656249,0.273920422363281,-4.83975712402343,-7.11144784912108,13.0612746913186,295.570766951646,0.968972778320311
2002-11-14,103485.99941875,1,1.58353041748047,3.58176532470703,0.339118657226577,-1.81351487304686,9.16545668486922,318.068606973144,0.920359497070313
2002-11-15,103058.3115725,0.997498617935181,1.12615270019531,4.52012406738281,3.07624341552736,1.93941574707033,4.84148546616688,336.86773469659,2.73458190917969
2002-11-16,102375.055141875,0.997628894729614,2.16184920043945,4.59317226318359,5.87289217773439,5.54876188964846,10.4819637177549,336.376008173381,0.810642089843748
2002-11-17,101378.093405,0.975116096878052,3.02701474609374,4.57919932128906,6.92995372802736,6.50376755615236,29.0801409934164,268.573018351153,0.310763549804687
2002-11-18,100993.564368125,0.470669891357422,3.63462032226562,3.2113230480957,4.23114344726564,2.54428912109377,21.660937442014,269.731029202792,7.93017761230468
2002-11-19,100467.5912625,0.771177374649048,-0.1011096484375,1.73798889404296,2.02417194335939,0.666043159179703,8.79894825091728,277.072583240787,8.07369689941406
2002-11-20,100928.22305625,0.623267511672974,-1.17044473999023,-5.99526182006836,0.0970639208984546,-2.75852932861326,26.1545360973037,207.913534399595,0
2002-11-21,103181.27126125,0.106810417861939,-0.067469285888669,-4.94239979125976,-3.66724698486327,-7.93382881835936,22.0484720018981,232.974561192926,0.553262329101561
2002-11-22,103506.642729375,0.93891778427124,0.641613983154296,0.206989718017576,-4.80542538818358,-7.00650903564452,21.3375962817561,249.33985700271,0.378218994140623
2002-11-23,103503.075149375,0.581258395309448,0.563628518066407,-0.464079882812499,-5.19094172851562,-6.92648292724608,17.7213301769044,269.796118602103,0.0529730224609373
2002-11-24,103020.65986625,0.981472161178589,1.06847411132813,-0.13204840576172,-2.88765386474608,-3.90417271972655,18.766082875818,258.827734196309,0
2002-11-25,102354.43651375,0.524779473495483,1.03531030639649,-1.24111989990234,-1.92549480468748,-3.11371120117186,17.451646597759,258.935405862112,0.05462646484375
2002-11-26,101236.527098125,0.979223534088135,1.8153418371582,0.80157805908203,-1.83206827636717,-3.08022755615233,20.8721467270758,246.0704736202,0.34983154296875
2002-11-27,99027.56990625,0.575619146347046,2.38755289550781,-2.37173864257812,0.565788000488297,-3.43816321533201,15.0156955737325,252.171682494796,0.208662719726562
2002-11-28,100856.10445375,0.90579210609436,-2.04929313964843,-4.95243726196289,-4.09660737304686,-8.75097747070311,20.8207040192578,198.590653888658,0.0911810302734376
2002-11-29,101219.364230625,0.497282687911988,-0.69769286376953,-0.978443958740233,-9.96014337402343,-13.2593053223801,12.0408628430962,243.275479878112,1.74571105957032
2002-11-30,100355.0580525,0.93571038986206,-3.00204302368164,0.503605651855465,-6.76546647949217,-9.38496647216795,14.7022227359269,218.455020940843,0.147089233398437
2003-08-01,101829.857531875,0.472797403869629,0.534666632080076,3.57984757202149,18.8483364038086,15.4035496508789,119.048474539367,359.84388478676,5.14738868713379
2003-08-02,101711.70446875,0.713681533660889,1.15665235473633,3.06385391479492,17.0589322827149,15.1901411938477,227.978470862661,334.50774714212,0.133073425292968
2003-08-03,101752.1575075,0.432839054641724,2.23509941040039,2.87142952026367,17.782575678711,12.5212591064453,269.561775099407,317.741650258603,0.00938209533691402
2003-08-04,101948.834318125,0.323541995162964,1.8206390625,2.35915877685547,17.9257167822266,12.8901516992188,249.844923965667,328.390540821304,0.0321613311767579
2003-08-05,102075.83099625,0.237901753463745,1.12775249511719,-0.828041164550783,18.2175062573242,11.808297788086,249.938352080928,316.926943671306,0
2003-08-06,102559.591404375,0.405440953063965,0.630358786621093,0.181845051269529,17.4606030078125,11.7648741552735,237.002856308299,328.602848124349,0.0298036956787112
2003-08-07,102703.21314625,0.901144883346558,0.659633427734374,1.08317492919922,18.0007509106446,12.9654130883789,260.248087118567,343.293497945831,0
2003-08-08,102566.5247525,0.0479797418212891,1.19613013793945,2.10835650756836,20.0674580297852,15.631109506836,263.043776327077,349.388646733672,0
2003-08-09,102291.6206375,0.256896630325318,0.75285556274414,1.02637403076172,22.128820534668,17.3298667333985,258.958690950212,355.543641426372,0.000868377685546881
2003-08-10,101888.46983125,0.0687443036651613,0.416436424560546,1.36640856689453,22.8842072631836,17.7662776684571,218.756549012482,354.392236142778,0.107968292236328
2003-08-11,101570.6291025,0.477648093109132,0.947668627929683,1.7637888708496,21.5806709301758,16.5280140307617,250.400848629241,340.712620335782,0.00370094299316407
2003-08-12,101537.1979925,0.326292942733764,0.509334954833983,-0.133129715576175,21.5272856738281,15.3522443896485,176.485678914056,354.075462683912,0.469013290405274
2003-08-13,101658.566453125,0.537378519058228,-0.612176627197265,-0.0632831884765639,19.5279675268555,15.7772551098633,215.013718448478,328.644093502424,0.253249282836913
2003-08-14,101398.704248125,0.403429296493531,-0.572949813232421,-2.99096096679687,17.0390470751953,10.1238899975586,217.500423825009,301.550588491192,0.417295455932618
2003-08-15,101287.058625,0.276160776367188,-0.826132983398436,-3.52074006225586,14.7901794311524,6.11891053466799,227.423832717153,299.001366751482,0.245933685302735
2003-08-16,101166.287915625,0.601703747177124,0.338263438720703,-1.35119830444336,14.0982826391602,6.89921645263674,188.754620610202,310.646481111659,1.55474227905274
2003-08-17,100715.84774875,0.601882306289673,0.424734776611327,-0.756438963623048,13.0607103344727,8.2797842504883,209.563025256011,306.997573122001,1.18643035888672
2003-08-18,100396.03006,0.5677044846344,1.09477545532226,0.0148312536621086,13.6375019580078,8.24571287353518,212.07988647378,305.924448996038,0.757928466796877
2003-08-19,100436.610651875,0.539909313735962,1.14610743896484,1.0254420715332,14.6517627978516,8.37450701416018,200.627119897748,323.94816330354,2.08192932128905
2003-08-20,100247.633435625,0.924502993621826,1.49682335815429,2.55091029174804,15.6970239624024,11.2685144238281,139.433214326899,343.050721557215,3.64657257080079
2003-08-21,100155.980645625,0.484115845489502,1.21917587890625,-0.822635118408202,14.8129766503906,11.2425239013672,231.901695911315,291.528452285652,0.0104620361328125
2003-08-22,100435.965161875,0.345198241958618,2.08023112304687,0.302608930664062,14.3425563623047,6.52877705810549,199.268558716702,291.301548661819,0.0818951416015627
2003-08-23,100446.378389375,0.621026191635132,1.88517364868164,-0.532208946533204,13.887660456543,5.62687068847658,224.668780649895,290.793641285047,0.0156721496582032
2003-08-24,100829.658603125,0.227745411071778,1.30286267578125,-0.344541154785158,14.2991607373047,7.66960720458986,204.520271712543,305.645756234878,0.185698394775391
2003-08-25,101064.252881875,0.301877336120606,0.217918137207031,-0.287970249023439,14.5753033618164,9.04087421875002,177.581858202275,316.96128979255,0.716536712646486
2003-08-26,100950.56942625,0.709495702209472,-0.739198254394529,-0.244111210937503,14.215880053711,9.60832067871096,164.863979893785,311.876669834188,0.295230255126952
2003-08-27,101038.7942675,0.465170690765381,-0.853852216796874,-2.37623551025391,14.9306062817383,7.46652302246096,170.883449893449,313.485415223465,0.0127882385253906
2003-08-28,101445.410553125,0.687775171279907,-0.23884761352539,-2.50118592895508,14.5522356396485,6.66947375488283,141.19626295075,335.521535940822,0.649988403320313
2003-08-29,101390.816063125,0.835975779266357,-0.895110571289063,-0.41839898803711,14.2496506860352,8.62221826904299,113.420200668668,343.420202197528,8.26683227539062
2003-08-30,101177.098315,0.971329334869385,-0.774385686035158,2.30882953735351,13.1657601416016,10.310965444336,68.6614760385593,347.527256396289,6.57909210205077
2003-08-31,101045.898955,0.801726585540771,0.81360838012695,-0.0948791503906254,13.1739017553711,11.0143706103516,166.144844154031,311.849358910468,1.86753784179687
2003-09-01,101072.800959375,0.622234963378906,1.53407990966796,2.95964793823242,13.3368704223633,9.96238380859377,105.325145977387,332.555044066509,2.57586975097656
2003-09-02,101089.77445625,0.60453504447937,0.213790164794921,-0.0810901672363286,12.5811251855469,10.3438046435547,143.104776412286,323.632930940427,0.918127441406249
2003-09-03,101520.992824375,0.896355995788574,-0.795173621826172,1.52779470458984,13.4243474365235,9.7520499536133,39.1167919197733,353.291721330159,15.2920474243164
2003-09-04,100676.08541125,1,-5.04324861572265,0.0481782775878897,12.1765396728516,11.3701900463867,38.1128588805651,357.09750345719,16.5821951293945
2003-09-05,100285.999271875,0.950595056533814,-0.276890482177737,-1.23396802856446,11.6540598291016,10.7368850268555,90.01889998741,337.758838382921,1.22392547607422
2003-09-06,100678.048353438,0.789490744400025,0.319926693115234,-0.614955338134766,11.6977606591797,9.97116350097658,131.551198968036,323.472175085902,0.584903259277344
2003-09-07,100777.55529625,0.623854206161499,0.667166779785154,0.877729508056639,12.0323539111328,9.84513060058596,31.940295245901,339.938938119229,9.71101623535156
2003-09-08,100153.07654375,0.641318869018555,1.50182830078124,3.40602703857422,12.2949125854492,11.3289214404297,147.454901340301,301.914275000212,4.35407043457032
2003-09-09,100002.6935575,0.451729263076783,2.26124906982421,1.93304602783203,11.9305670727539,8.98960989990236,84.7569128618524,317.551011184968,0.159304504394531
2003-09-10,101077.828689375,0.685830657577515,-1.39666873046875,-3.59093241821289,9.83251290771486,5.46346085693361,164.624307089261,273.654420295832,0.00347351074218752
2003-09-11,102265.19052,0.362361010055542,-1.42771601928711,-1.90528056274414,9.3368223364258,4.06239646728518,150.194779249938,294.701656739054,0.005870361328125
2003-09-12,102566.587945,0.886791261825562,0.329105222167969,2.26378710327149,10.6593644995117,6.63894250732424,98.9844434982043,333.407270136896,0.507142333984375
2003-09-13,102246.6935925,0.936381495361328,1.76929661499023,2.67214210327148,11.9738283740235,8.57019135498049,141.596220143298,297.244527547667,0.363473205566405
2003-09-14,102379.78410875,0.361127369918823,0.368450288085938,-0.405617935791014,10.7999385083008,7.59280479003908,131.381668242525,303.017706671063,0.15631103515625
2003-09-15,102061.630375625,0.997028538742065,0.856141868896485,2.26278871459961,11.1737323730469,8.03275337890627,137.940837252216,283.805194085722,0.637317810058594
2003-09-16,101947.08874,0.505082261886597,-0.224789066162108,-2.18145592163086,8.7063628466797,3.49794881103517,135.711017355631,291.720030529328,0
2003-09-17,101907.718053125,0.900723027954102,2.81009999755859,2.88238651611328,11.028227331543,6.88528766601564,97.249901886541,309.104657298826,0.0125094604492187
2003-09-18,101748.60974375,0.713285615234375,2.93068797363281,4.48927538208008,12.4229369335938,9.76114774658205,61.7465638652018,336.485634919978,0.678391723632813
2003-09-19,101032.95067375,0.699216914978027,2.48249584594726,4.45007438598633,12.3085446337891,8.99231897949221,159.272903935918,258.872631839764,0
2003-09-20,101817.436448125,0.1415413356781,4.55610418334961,0.287444973144533,9.95921511718752,1.36938873535158,132.086142068625,276.372861531533,0
2003-09-21,102497.056191875,0.625381649780273,2.63826334472656,1.62393161865234,9.42554621826174,4.8789745629883,21.2434452037861,346.18634949051,3.28426330566406
2003-09-22,102021.52158125,0.912198207015992,2.38290141601562,3.76141468139648,11.1523383154297,9.89724352783205,97.6596809422987,330.461490551588,0.31471710205078
2003-09-23,100961.430111875,0.469542220458984,3.02970177001953,4.12825696411133,12.3740798071289,10.6111315283203,120.367723437954,294.263717693209,0.546747131347658
2003-09-24,100696.792242187,0.425129174957276,3.99338236572265,1.33026018188476,12.1721969555664,7.81693196777345,75.9184569507678,318.01283312611,2.54417358398437
2003-09-25,101098.156448125,0.856277454605103,1.97096953979492,2.48507687133789,11.3533112036133,9.83417914062502,47.5282134330259,354.671133703865,1.24036682128906
2003-09-26,100713.9092275,0.97498336769104,2.03389422729492,3.79129934936523,12.4661439111328,11.4351850976563,85.6957823387777,322.349677347688,2.79308380126953
2003-09-27,100116.110315625,0.820539784469604,4.05986536865234,5.51909308471679,12.0711394482422,9.61271074462893,121.837577261306,287.653922330969,0.672813720703123
2003-09-28,99364.415595,0.651956816558838,4.96825509643554,3.68383817504883,9.34282826416017,3.31074076904298,86.5804796273641,276.163401457115,1.16802368164063
2003-09-29,99259.76583,0.792160090942383,4.19369249267578,0.702362872314452,8.28164703125002,2.77011954589846,117.639950294427,261.080199655293,0.113880310058594
2003-09-30,101004.63159625,0.176069615402222,1.50182558227539,-3.9037839453125,8.74617814941408,0.00383742431642464,111.555996998942,252.317736132274,0
2003-10-01,102290.3665925,0.665891090698242,0.722757349853515,-0.592260799560546,6.36604175781252,0.690763933105488,75.1489965993958,319.206563550361,0.292178344726562
2003-10-02,102249.37256125,0.933695756607056,1.14702946777344,2.9434794543457,9.7712995629883,7.69954441406252,49.9163280294464,352.52395152634,0.502846679687499
2003-10-03,102100.1192725,0.966022890319824,0.552787480468749,2.61926230834961,11.5594337866211,10.1961193774414,87.22063845388,324.813543739666,0.0142462158203125
2003-10-04,102099.089995625,0.639127222824097,1.59780418334961,3.00421326171875,11.6888400805664,10.121440859375,35.834505904768,344.246915980598,1.32764465332031
2003-10-05,101666.355648125,0.883252484970093,-1.02439587158203,4.8886248852539,10.9933030078125,8.93314378906252,44.8566642697078,301.809709466649,5.59481506347657
2003-10-06,101284.321200625,0.565100093994141,2.345676875,1.46667859741211,8.10256746093752,5.02408145019533,107.611796194708,257.538847657405,0
2003-10-07,102711.5711925,0.462229747009277,0.376205168457031,-0.712943891601563,7.56731221679689,3.55917781982424,79.9648704597631,284.246924774677,0.0154446411132812
2003-10-08,103310.816484375,0.72433251373291,-1.31855250366211,1.2428508215332,7.47896585937502,4.92314156494143,63.0108625609093,296.43398063298,0.0447000122070314
2003-10-09,103215.024765625,0.799030728225708,-0.0020167517089841,2.40752211425781,7.69406285888674,5.66940999755861,25.1510932505157,332.1053437211,3.41976776123047
2003-10-10,102954.285283125,0.940499421768189,0.31976936767578,0.0647334838867184,7.87460701660158,6.8944258520508,43.6933198495756,328.009446614708,0.440421752929687
2003-10-11,102533.408053125,0.886021542434693,-0.739271446533202,-2.14357942016601,8.01771001708986,6.45031732910158,45.9377094595502,316.599331519959,0.150415954589844
2003-10-12,102188.9028725,0.863278298339844,-0.781902724609374,-1.72679500854492,7.28210629882815,4.24801096191409,34.5129665773574,322.266992221238,3.74674804687501
2003-10-13,101910.110774375,0.99439661781311,-0.743312921142578,-1.88761131835937,6.40918207275393,4.17611926513674,31.2314810361444,324.048668157051,4.39000152587892
2003-10-14,101505.810629688,0.93746882888794,-0.430184201660158,-0.190677019042969,6.26710285888674,4.81047171386721,33.9418495043166,331.757771695297,2.02564270019531
2003-10-15,101550.975295,0.92060166847229,-2.73756435913086,1.89522677978515,7.85275573242189,6.03625492431642,20.5344487126122,334.648475270362,9.10302398681641
2003-10-16,101636.05562875,0.998560957794189,-1.35407857299805,4.98990638061523,9.02671396240236,8.19972626953127,51.0173326789296,300.753118194124,1.62085998535157
2003-10-17,101814.7751725,0.41873373123169,2.24480511352539,-0.543616212158203,7.75654235351564,5.78130810058596,81.34328680419,253.392443665088,0.0029351806640625
2003-10-18,102940.22611125,0.34302310836792,-1.514186640625,0.264036505126953,5.82009185546877,3.56526000976564,46.4800274908764,305.666407842424,0.597678833007813
2003-10-19,102645.8267875,1,-3.38683945068359,3.05338307495117,6.92504380615236,4.50016597412111,8.36791148412374,329.596191893211,9.02747497558594
2003-10-20,101796.89053375,0.821846209640504,-1.80267899047852,3.94193879638672,7.61639479980471,6.40315523193361,18.8386019614023,337.436464096397,7.57562316894531
2003-10-21,101283.29355,0.995661633377075,0.841233840332029,6.79524463989257,9.35493169189455,8.44167559814455,61.0304467839419,294.840349905049,0.867936401367185
2003-10-22,101175.04299125,0.896784359512329,2.21438499023437,2.24384045532227,8.15028772460939,6.19854216308595,53.2515496110035,284.170154194293,2.52964721679687
2003-10-23,101096.38231875,0.537527200622558,0.648648612060549,-0.810616733398437,6.0458630395508,4.34775909667971,11.6157991704965,324.01364642123,9.1189306640625
2003-10-24,100419.4157025,0.929293592300415,-0.663350998535157,1.92620082519531,6.81966468505861,6.18580802246095,59.6014834943445,289.248568525209,0
2003-10-25,100783.556671875,0.918799525070191,1.40586698974609,0.762313920898435,7.34242410888673,5.56478261718752,9.0558797160329,352.827398649156,9.12914184570313
2003-10-26,100646.88835625,0.999233795547485,0.0867947216796863,5.0495140246582,11.2220346777344,10.6137618408203,14.2781949148143,358.265376231284,6.6384783935547
2003-10-27,100399.555685625,0.935637882537842,-0.997826186523438,4.0335848071289,11.7790179077149,11.1979583935547,20.2645909113059,357.392113131265,5.12033386230469
2003-10-28,99898.60560375,0.992316733856201,1.32446475708007,3.54045211669922,10.9577828564453,10.5733948999024,15.8220621047062,357.699448608268,3.68784545898438
2003-10-29,99769.553945625,1,-2.73097560180664,1.74270067016601,10.3845567773438,9.93333313720705,21.2912659869532,325.812144395566,0.999932250976562
2003-10-30,101519.555925625,0.955487502670288,1.08748082885742,-1.18067247192383,8.35686610839846,7.06469241210939,41.0262573217153,305.55179952721,0.221441040039062
2003-10-31,102366.676241875,0.836039571380615,1.13857933471679,2.10017803710937,7.3609971801758,6.58083638427736,19.5648784464937,333.6700739555,0.669028930664063
2003-11-01,101756.83535625,1,0.275331606140136,4.50961986083984,9.42230434570314,8.1255654980469,13.3255121094181,347.185931479398,2.59650939941406
2003-11-02,100715.731623125,0.993983595962525,0.0832545412445039,5.10658623901367,10.0825513232422,9.19452606201174,23.5405456692806,320.731054391518,6.96258361816406
2003-11-03,99856.57830875,0.932097887802124,1.77473716186523,3.46906545166016,9.08953570068361,7.63089628417971,15.3640602511082,307.676757119966,5.19036926269531
2003-11-04,99678.8894075,0.899568857116699,0.793412092285154,1.97505680175781,6.41736551513674,5.57311659179689,37.5745138256183,277.537809980731,0.00347351074218752
2003-11-05,100820.7596175,0.550222240982057,2.04105076293945,2.09253528808594,4.3962345263672,3.42003095947267,25.2630040851972,309.566904958337,11.161171875
2003-11-06,100034.594370625,0.678768523712159,2.09642714477539,6.04845520507812,6.54512855468752,4.87694276367189,32.6446306424193,263.076935426516,0.912619018554689
2003-11-07,99026.21996,0.372565085296631,2.41083710815429,0.593726225585938,5.22825360107423,3.11514347656252,41.4908800915014,240.808777576021,0
2003-11-08,100737.094000625,0.222447581253052,2.15565397216797,-0.700319390869138,3.48651299560548,0.770523073730488,7.8605929071444,288.345528843079,2.27881958007812
2003-11-09,99189.85707375,0.874899156265259,4.64179580078124,0.978300404052734,5.63265989257814,1.43315750488283,35.924804895205,239.331331933119,0.00347351074218752
2003-11-10,100290.843388125,0.254746998214722,3.60458604492187,-2.23822914916992,3.59477036132814,-3.73063670654295,29.5211890159452,265.358365853082,13.314033203125
2003-11-11,100221.2717725,0.918803394317627,1.14809419921874,2.01977071655273,3.21089913085939,0.381969426269548,18.4715729943003,278.345281103908,1.91777526855468
2003-11-12,97990.418800625,0.843608880996704,2.3494421118164,-1.3243391003418,2.26018833251955,0.000751516113297934,30.407616200219,255.908992942225,0.541693115234376
2003-11-13,98619.088519375,0.757019963150025,-3.8327937133789,-2.28693608154297,-0.616827565917953,-3.35917172851561,26.3157515664818,244.138053559671,0.04184814453125
2003-11-14,98733.828210625,0.893439974441528,-1.84706155151367,-7.55994053222656,-2.68176810058592,-7.65758263671873,33.9627229784506,201.983810383155,0
2003-11-15,100353.996018125,0.147954169998169,0.280013388671877,-3.35858046264648,-4.81039172851561,-8.69511474609373,30.7370255064891,201.517017303022,0.0296075439453126
2003-11-16,101201.063661875,0.392407769546509,-0.261419967041013,-2.33685259643554,-7.51835460449218,-9.79780177978514,29.2816337817502,210.639090536495,0.426041870117189
2003-11-17,101258.503956875,0.669922053604126,0.246886220703128,-2.19025139038086,-7.36443023681639,-9.83990129150389,24.1297095507837,212.382258396974,0.05462646484375
2003-11-18,101448.14203125,0.756227012786866,0.226103134765627,-1.62201037109375,-8.23547723632812,-10.2302026782226,25.8600262157861,201.505489721894,0.0029351806640625
2003-11-19,102804.7655575,0.270911887130737,-0.725311499023435,-2.99947190551758,-8.32646772460936,-10.9175394262695,29.1438565265441,188.211355616246,0
2003-11-20,103011.597360625,0.00225170288085937,0.000146551513674764,-4.39083411743164,-6.3311828173828,-12.4845039575195,27.3158958070235,205.425695986426,0
2003-11-21,102167.43636625,0.479775686035156,-0.222189279785153,-5.13316759155273,-3.40483850097655,-10.3505979223633,22.0448159439258,220.016292332016,0.0250189208984374
2003-11-22,102797.98950875,0.476776045532227,0.13722868286133,-2.77024690307617,-4.8647411767578,-7.40128964599608,21.8171922018271,224.576108682515,0
2003-11-23,102584.8580175,0.575049765625,0.830344035644533,-1.74092650512695,-5.41567117187499,-8.27336096191405,22.8285018310312,221.463901659494,0
2003-11-24,102672.143563125,0.573516298980713,0.763190983886721,-1.99357299072265,-5.09674957031248,-7.9557620385742,20.9877904197026,221.390073181778,0
2003-11-25,103103.049430625,0.553216181564331,0.325619937744143,-1.52828754394531,-6.72409349853515,-8.59027833496092,19.8216672153633,217.601982781853,0
2003-11-26,103274.645656875,0.475958987045288,-0.33100424682617,-1.99048272583008,-7.55538185058592,-9.68936747558593,12.3156512500744,270.950354877293,0.470797729492186
2003-11-27,103506.090589375,0.999392024765015,0.119300382080078,1.21727974975586,-2.82088895751952,-4.35178642089842,7.77267305661072,304.935630499657,0.572615966796873
2003-11-28,102384.584336875,0.997498656463623,2.14918642700195,1.22930941284179,0.513231440429695,-0.132389204101554,10.0267162335576,287.459744503023,0.425181884765624
2003-11-29,101616.67592875,0.593765965652465,0.396070997314454,-2.16498154663086,0.485440507812517,-0.735312019042952,18.4151695771173,240.905894460355,0.126082153320313
2003-11-30,101821.30260875,0.445506500015259,-0.373051047363278,-3.65424662109375,-1.69476183593748,-3.44112049560545,5.94182238255185,296.375288386973,1.66106628417969
2004-08-01,102015.966921875,0.417712105941773,-0.53540788330078,-2.30242834228516,18.7283458374024,14.439620925293,208.079788207741,356.593792153015,0.792303466796875
2004-08-02,101806.9440775,0.556060386276245,-1.21860431762695,-2.4102495324707,19.1827530249024,14.6593206176758,135.318491982689,377.14243651989,11.3528484344482
2004-08-03,101581.094075,0.998126258392334,-2.16085097290039,-2.88984670410156,18.6296076391602,15.2042149536133,100.793175305975,394.92269867605,13.5963372802735
2004-08-04,101649.072773125,0.853436001586914,-2.85560997314453,-0.870395687255859,18.800350991211,17.8671237817383,180.214950016167,367.818430113052,4.18004379272461
2004-08-05,101961.08799,0.675948000030518,-3.00860666748047,0.991308214111329,19.6148375805664,16.0566195751953,158.581891438414,375.062473607592,4.32490089416504
2004-08-06,102210.377490625,0.867034992828369,-0.941291079101562,0.234377980957033,18.9267814013672,16.8106473095703,187.215425892739,370.317782655502,0.280310440063476
2004-08-07,102132.125531875,0.963069521560669,-0.226523634033203,0.0153801025390636,20.106010300293,17.1093792163086,239.657190899898,337.542916918185,0.0148135375976563
2004-08-08,101718.77020875,0.919440913009644,-1.16576091552734,0.797779455566406,19.8756848217774,14.8675371899414,228.064124047326,342.015202632829,0.0152172851562501
2004-08-09,101325.10446,0.394371842269898,-2.88784001464843,0.578690915527345,19.8951880590821,13.7897304931641,218.444048026187,346.194383028423,0.691455841064454
2004-08-10,101022.9571325,0.745444605484009,-4.5314956665039,0.973334665527344,20.0084361425781,13.9838512109375,45.2255954583626,377.949245095152,20.9367875671387
2004-08-11,101027.102900625,1,-4.23506420898437,1.17212622558594,17.3036577612305,15.726562631836,38.0623766464831,378.742278060449,30.8008634948731
2004-08-12,100685.582149375,0.973205207443237,-1.62406386230469,1.23825908569336,15.6760327050781,14.8887365087891,134.354763966366,354.615710197448,4.97426910400391
2004-08-13,100864.998798125,0.661624887542725,1.40205567260742,3.21278574584961,15.7875220092774,14.144333178711,198.613431243603,338.450946702262,4.91453826904297
2004-08-14,100738.62987375,0.790571052398682,-0.950841661376953,1.67100586547851,16.7685493603516,13.9350180664063,145.964242309457,351.237396482911,5.64132781982423
2004-08-15,100310.20149625,0.549314021072388,2.04825559204101,3.17785831542969,15.6951688061524,13.4679336132813,203.13634852561,322.491953682792,0.641604919433592
2004-08-16,100427.058955,0.517904608001709,3.84811497802734,3.31773140136719,15.6864734619141,11.6640100878906,161.076864189813,335.043016879631,8.11066375732422
2004-08-17,100192.763938125,0.968991598434448,0.699028148193356,2.92734108642578,14.4622589648438,12.1191724951172,157.998825569579,339.754800821083,1.52004516601562
2004-08-18,100005.849045625,0.719331606369019,1.06975397338867,1.08164038696289,14.7223846508789,11.6022452270508,128.579970147242,341.135869727539,6.19370910644531
2004-08-19,100205.81042875,0.949304732284546,-2.14012145019531,0.755507690429685,15.0598876147461,12.8485512304688,76.4188801227669,356.210623769372,12.5280960083008
2004-08-20,99572.627398125,0.72579528289795,1.04352411987304,6.70244085327148,13.959650690918,12.1948235278321,192.799093971732,319.900440402413,2.31610137939453
2004-08-21,100490.173821875,0.687922543563843,1.18294575439453,3.82024990356445,14.514632109375,10.5976198144531,48.1382040923832,346.311523490893,21.5476321411133
2004-08-22,99833.3568621875,0.890269415512085,-0.737270396728517,2.96212046508789,12.7710914648438,11.8473413647461,100.941496438951,334.256487260194,6.7413424682617
2004-08-23,99764.117560625,0.630991088104248,2.11836351928711,2.34331438720703,13.0345045410156,10.2412096313477,201.089285068399,297.419473145346,0.576192016601561
2004-08-24,100314.794215,0.630759658508301,3.05405461547851,3.2340206274414,12.8210837915039,8.03816227050783,162.518823504465,310.788079521076,0.710560913085936
2004-08-25,100598.36847,0.582121207580567,0.951784799804687,0.65706788330078,12.3138586669922,8.92557460693362,198.466474969406,301.151964868545,0.150126953125
2004-08-26,101027.69136875,0.623467502059937,0.297814655761718,1.99486733032226,13.4331337329102,9.8102402661133,151.842497069941,318.346424712389,0.093245544433594
2004-08-27,101019.002925312,0.527867868423462,0.105853242187498,1.23751545410156,13.3675198120117,10.2764487939453,40.3544130545008,343.189243345492,8.25459320068359
2004-08-28,100369.497026875,0.583090519104004,0.388194086914058,4.49052781005859,12.8828117041016,11.7277533105469,156.381731975833,307.677741534434,3.98866546630859
2004-08-29,100436.55515625,0.519390048370362,2.72884650268554,4.29705945800781,12.8220909375,9.3702422558594,164.325001476098,308.39296877897,3.48235565185546
2004-08-30,100582.62187375,0.318627917480469,2.75802675415039,1.04557129272461,12.972248112793,8.98025736083986,200.711597971715,292.948142926662,0
2004-08-31,101577.595374375,0.396408941497803,1.03922763916016,0.0843762524414056,13.6860190942383,9.16630320312502,165.415908114321,318.189617656474,0
2004-09-01,101587.67779375,0.647367596664429,0.128914581298829,2.20751514282226,14.1345946606446,11.0375751879883,103.231172907059,340.653430312172,1.16551879882812
2004-09-02,101001.428731562,0.633850016098022,2.16538504760742,0.810271528320311,14.5009475073242,11.2584988598633,198.933729797525,292.243532804314,0
2004-09-03,101470.318585937,0.264484645614624,1.11416024047852,-0.581289570312499,13.3906687939453,8.58304572509767,178.482738951832,299.905149781498,0
2004-09-04,101415.496425,0.51403938117981,0.91026963256836,-1.6146737902832,13.5682703833008,9.14495193359377,152.339855591167,307.562825308218,0.0468280029296876
2004-09-05,100659.1851475,0.307615431365967,2.69296270751953,-2.7924692565918,13.9198245214844,6.19960251220705,196.867463502628,263.574510184703,0
2004-09-06,101768.556926875,0.0156258984375,-0.173087717285155,-4.77983380126953,10.6161515405274,2.00404531250002,188.857220633346,268.73294854671,0
2004-09-07,102412.071471875,0.256110201416016,0.718691242675781,0.192895521240235,10.2472305688477,5.59284125732424,162.853142320118,297.633493336677,0.0197448730468751
2004-09-08,101856.688956875,0.241562344818115,2.12291319824218,2.37857001953125,12.0161192211914,8.45542223144533,164.684355186642,289.140460237337,0
2004-09-09,101391.36964125,0.540677497711182,3.15614446533203,1.14541067871094,12.5459388891602,6.73568653076174,159.856344797213,283.875818297899,0
2004-09-10,100655.24653125,0.357496523056031,4.96878138671875,0.132544396972656,12.6260399487305,5.11982977539064,172.619525608276,265.000098719932,0
2004-09-11,101680.540626875,0.0832707901000979,1.47809995361328,-3.97490064208984,10.3372709033203,0.927670827636737,175.20664931983,255.30262254826,0
2004-09-12,102807.6434925,0.0623436682891844,0.0206184130859391,-3.27555462402344,8.46305519531252,0.457839184570333,171.866491443714,257.781911512587,0
2004-09-13,103300.4647175,0.0550020402526857,0.204759100341797,-2.51374241455078,8.5495552270508,1.87386032958986,166.923148354142,273.607538179001,0
2004-09-14,103575.01583875,0.540436848907471,0.894473046875,-0.792491856689453,9.75733792480471,5.2835656567383,137.86325600545,301.908345757854,0
2004-09-15,103297.823023125,0.346848535842895,0.799113808593749,0.993961376953124,11.3340516455078,8.30997089599611,157.116171065459,282.1382013688,0
2004-09-16,102957.614084375,0.445998506546021,1.57170767822265,3.02241721191406,10.8863437036133,7.66384811279299,151.508225661678,286.948701364392,0
2004-09-17,102400.733796563,0.583476828308105,0.897672747802732,1.81707827392578,11.1281098071289,8.23008938476564,84.2163624150892,333.027176641059,1.28925445556641
2004-09-18,101725.065394375,0.973963224258423,-0.358186319580079,1.76734965332031,11.1484324438477,9.80851719238283,19.2862291816153,367.786759072349,1.96509521484375
2004-09-19,101019.464013437,0.999147661972046,-0.584407655029299,-0.406305617675782,12.0016412597656,11.5712204785156,64.307875200657,363.625925218444,5.35969329833984
2004-09-20,100616.65117125,0.992287550735474,0.084881907958981,2.96257489501953,12.8207938354492,11.4766598828125,57.4125953759445,344.337713459749,6.09025329589844
2004-09-21,99940.3640275,0.968383430023193,-0.255907033691408,1.47142818237305,10.8843242871094,9.89051625732424,64.2774906187597,326.74957529522,9.76018676757815
2004-09-22,99705.83702375,0.867112080001831,-0.0482825366210944,1.7961376977539,9.84403649902346,8.69114691650393,67.7251132274183,323.239012501309,0.996226196289063
2004-09-23,100355.75835,0.487175741195679,-1.82620925170898,-1.60599998779297,9.59349832275393,7.11946763671877,114.202802822821,302.573661553293,0
2004-09-24,101091.182473125,0.627184733047486,0.15026211303711,-1.49306637084961,10.719991940918,7.27972555664064,53.9595375099398,328.38434520867,0.319286499023437
2004-09-25,101816.65135875,0.775621762542725,-1.11514375610351,-2.51710871704101,10.2979760229492,5.64558390136721,51.001820743649,319.429932005069,0.18951416015625
2004-09-26,102669.31421625,0.717998280334473,-1.47833855102539,-2.60992348754883,9.53466611816408,6.32737283691408,123.818721689869,282.254349476064,0
2004-09-27,103066.778288125,0.31117748413086,-0.482520321044919,-1.27085688354492,9.35515368164065,4.96541831542971,125.856426691115,280.178619717832,0
2004-09-28,103215.5952175,0.155471122894287,-0.207798983154295,-1.40601792358398,10.0707008813477,6.33930655273439,123.967034289514,285.712658895775,0
2004-09-29,102491.81971,0.36874734802246,0.665642177734375,1.39026174926758,9.72569143310549,7.97076608398439,85.9336126550614,312.538880919608,0.188526611328124
2004-09-30,101988.14154875,0.53597248626709,-1.09543179565429,-2.10126319091797,8.78345967529299,4.3616146020508,93.7812633445392,273.558432655546,0
2004-10-01,101938.68207875,0.806407196044922,0.0953285656738295,-0.577412145996092,5.99456163574221,0.836153203125022,65.4824786390483,274.884307388838,0.128186035156251
2004-10-02,101484.040475,0.6459873903656,-1.33971552978515,-2.07176592895508,5.12261133056642,0.873642348632831,118.306548222747,233.089050041514,0
2004-10-03,102124.6508825,0.0790478937530519,0.437521409912111,-1.97359389648437,3.81828147949221,-1.41657581054685,106.757315191782,246.91115646502,0
2004-10-04,101951.997963125,0.761509326477051,0.893288818359376,-0.110772703857421,4.51457642089845,-0.475940336914043,100.089952086843,254.91220798939,0.531899414062501
2004-10-05,101619.19857375,0.503299220046998,-0.48015131347656,-0.264181137695314,4.36657718505861,0.92847333251955,104.302617152132,253.748650473036,0.00347351074218752
2004-10-06,102521.96682875,0.41271322227478,0.893517403564454,-0.440195824432372,4.92481174072267,1.19564367675783,103.811210865848,267.563511150944,0.0277880859375002
2004-10-07,102581.035645625,0.769469392852784,1.97108928710937,-0.109254296875,6.99744224609377,3.53411830078127,56.2872631498394,313.182864811445,0.687703857421875
2004-10-08,101785.584706875,0.482087386627197,3.21862328491211,1.39708869873047,10.0627934082031,7.40573447753908,97.3123044719827,289.181877704239,0
2004-10-09,101517.318294375,0.351589362716674,3.5191216796875,0.176607546386719,10.7353490332031,7.02792848876955,89.3608581449669,298.928442806781,0
2004-10-10,102121.723123125,0.609377975006104,0.628929606933595,-1.33677721069336,9.95063196289064,6.72027170898439,92.9720902960349,280.208424744378,0
2004-10-11,102479.22374875,0.259819449005127,0.301371932373049,-0.729781488037111,8.17716504394533,6.53786513916017,89.8270986919612,280.150559283265,0.0250189208984374
2004-10-12,102778.35411125,0.34333869354248,0.971545446777344,1.46984180175781,8.25052183593752,6.50121051757814,53.95596062231,313.090015540424,0.254777832031249
2004-10-13,102640.687943125,0.585506242828369,2.10285294189453,2.66855276611328,8.37740387939455,6.62990195312502,72.1193026139966,291.975339239459,0.328181152343749
2004-10-14,102126.50117375,0.536567355880737,2.69980708251953,2.71544706176758,8.98002971435548,6.77509035156252,36.6740858166432,322.701889608895,0.704490966796873
2004-10-15,101489.29642875,0.801807629852295,2.15597348876953,3.48285850097656,8.66731134765627,6.45704277832033,24.1343388824875,329.602201254058,9.33040283203124
2004-10-16,100297.335803125,0.83994426574707,2.86297052368163,5.01886333251953,9.0454751098633,8.05564456787111,79.4962806395216,262.867237366996,0.103010864257812
2004-10-17,99923.932751875,0.324861375122071,4.91143104614257,4.19884408813476,7.16788645507814,2.0912806567383,75.2120827994116,242.731481965896,0.0580999755859375
2004-10-18,101527.82816375,0.148577749938965,1.7245533215332,-2.49031155029297,4.79967493164064,-2.10412873291014,66.1647895099859,248.396727734691,0.00934387207031253
2004-10-19,102741.33905,0.993478549346924,-1.28418468017578,1.35423796630859,3.35031779052736,-1.50840420898436,26.3520277018608,311.131363074314,3.47321838378905
2004-10-20,102046.34722375,0.993609602432251,-2.60402692382812,-0.358938399658202,4.58667177001955,2.39316399902346,12.6084203322048,311.489292666841,1.19017333984375
2004-10-21,101895.84262875,0.518960452957153,2.16692865234375,2.54079686035156,6.0537858520508,4.97595512451174,63.6563224818555,262.045364826666,0
2004-10-22,102466.882636875,0.760756494216919,2.84042167846679,1.00212096435547,5.80194102050783,3.87280888427736,47.0196641601835,297.000664877951,1.78837951660156
2004-10-23,102070.64612125,0.98683731086731,-0.241198848876953,3.60508829833984,7.01293539062502,5.54951804931642,34.3134857586858,303.864544891494,7.51583618164062
2004-10-24,100985.6146625,0.83160317276001,1.66958630004882,2.70552315917968,7.37948089843752,5.95209588134767,13.1306848002195,308.828830669991,11.6765277099609
2004-10-25,99472.681728125,0.805603579940796,0.805943133544917,7.28562135986327,7.7149891333008,5.99446961914064,41.8113540527685,283.709330652799,1.34301330566406
2004-10-26,99674.557461875,0.676296104049683,3.86906525390624,3.2214059008789,6.84437419921877,3.55269114746096,7.78659945170861,303.212263758134,7.40215942382812
2004-10-27,99896.27562875,0.698796782150268,2.23204657958984,3.13609544433593,5.89121366943361,4.14367367187502,56.4823713478279,259.644097997838,0.926690673828122
2004-10-28,101011.786175625,0.759507324981689,3.45408323974609,1.92511793701172,5.72188567138673,1.57718342041017,7.48037046320496,321.098577343631,5.12524963378906
2004-10-29,100536.642264375,0.888862424163819,0.541048187255857,0.645065107421872,5.22899977539064,4.64954315429689,26.4447679358828,299.825785068694,2.65424621582032
2004-10-30,100040.89214,0.518100292816162,3.66125626831054,4.077546484375,7.73984747314455,5.70424906005861,53.8434863507898,243.973649469393,0.175132446289062
2004-10-31,100836.22519375,0.0341493325805664,1.63156224975586,-2.31175016967773,3.68551535400392,-0.0302386596679508,49.4804893680468,227.535851640685,0
2004-11-01,102626.10952125,0.368569083480835,0.688166253662111,-2.00298468383789,1.28288138671877,-1.96437020751951,48.4691797388427,233.701494744452,0
2004-11-02,103284.297321875,0.649106425323487,2.80027280883789,1.5890547668457,1.96964920654298,-0.850474179687486,39.1280350565564,259.673055380237,0
2004-11-03,102931.98368125,0.624849592819215,1.3619471130371,0.219741849365231,2.08229312744142,0.91896717529298,21.8793224318091,304.022475028495,0.391434936523438
2004-11-04,102784.751538125,0.978425437545776,1.00246965576172,0.675400866699216,2.28439836425782,1.43076682373048,28.0725025925497,296.090385139111,0.128312377929688
2004-11-05,102325.0298875,0.886097778625489,1.06929659912109,3.24620725219726,4.24746770751955,3.44369239501955,8.49740690520801,345.306708200144,4.03777709960937
2004-11-06,100775.331308125,0.994432527389526,2.09479615478515,6.66742406982421,9.1475061645508,8.33149821289065,35.424804834168,267.782646125661,1.07720275878906
2004-11-07,99944.30486625,0.355060670623779,4.59912041137695,3.14071658935547,5.27314313476564,0.0862212841797049,40.855173530085,244.569746207715,0.0400280761718751
2004-11-08,100048.31722875,0.500229758071899,3.75400117065429,0.35519655151367,4.43978121093752,-1.39452928466795,30.4162329675563,279.015888986372,2.46199890136718
2004-11-09,98387.561749375,0.785513041610718,2.81721159057617,-0.91448946044922,3.59632556640627,1.64439886474611,26.0726843927822,267.674669156261,0.600597534179687
2004-11-10,99869.954306875,0.994017218093872,-1.03426940063476,-4.72573683349609,1.37226048583986,-2.89731693847654,20.2832634973258,240.218346969038,0.494357299804688
2004-11-11,101155.951240625,0.429646165847778,-2.91243589477539,-4.74778675415039,-3.09394254882811,-8.68380709716795,37.3873646174208,192.725173523678,0
2004-11-12,101362.23485125,0.00983724662780764,-1.35263490600586,-4.39642715332031,-4.44823499023436,-11.3169780566406,35.6390483143098,197.535079030591,0
2004-11-13,101077.287965625,0.0957679713439941,-0.240276318359373,-0.728112288818356,-4.62426925537108,-9.19418546142576,18.1196887922377,262.38565223281,3.48052612304687
2004-11-14,100148.2852175,0.860365565338135,2.17814354125976,2.85437889038085,-1.05587456054686,-3.96458005371092,7.40534542294712,307.417679522272,5.16861145019531
2004-11-15,99654.194740625,0.959450470657349,0.259363825683591,3.50458189331054,1.75535436035158,1.0117228833008,26.754728834184,251.20579862738,0.163213500976563
2004-11-16,100827.00384625,0.580809812927247,1.47391736083984,-1.51665287475586,-0.735993000488265,-2.70868533691405,24.8410631374242,232.938351427894,0.132041625976562
2004-11-17,100776.93981875,0.739259586105347,2.50092825927734,3.08708817138672,-1.47962568115233,-3.54565442871092,22.2647862368665,256.486652946296,3.59241943359375
2004-11-18,99289.945506875,0.35290656578064,1.87443517700195,-3.13371931274414,1.50193553222658,-2.65976861328123,27.4675311906849,233.401322524187,0.0365545654296876
2004-11-19,101698.898333125,0.7346838331604,0.270841555175783,-4.75649817749023,-1.23351785156248,-7.46686414306639,24.6873569989362,246.706630551828,0.00347351074218752
2004-11-20,102702.411295625,0.363360631484986,-0.427487941894528,-0.979054765624998,-2.07739526367186,-5.2442983300781,19.3469789083795,258.81884056981,0.0319659423828125
2004-11-21,102684.974301875,0.66304851020813,0.430298452148438,0.945359755859373,-2.38274127685545,-4.09709924072264,8.8257087748309,294.53250527267,0.717335205078125
2004-11-22,102095.0451375,0.983019200439453,-0.586536800537108,-0.609064998779298,-1.60710819824217,-2.8109602392578,6.78460442663321,276.37193898371,1.83552124023438
2004-11-23,102112.1651825,0.720185708084107,-2.92840064086914,1.05804985107422,-1.4103453173828,-2.95662091552732,10.8177142366077,281.464651383667,2.165498046875
2004-11-24,102090.867593125,0.920564076538086,-3.15921188720703,1.62023051879883,-0.91640968261717,-2.25788531249998,8.14124466020679,291.386348869006,2.43343872070312
2004-11-25,102107.47861125,0.968618993759155,-3.60011643676757,1.3038682824707,-0.250176408691388,-2.19124490478513,9.69793649743625,278.67549633582,0.675825805664064
2004-11-26,103183.93660625,0.937101594085693,-1.98605134033203,-0.486527290039063,-1.70419937011717,-3.11924414550779,12.4719060098875,267.741505991994,0.0690972900390627
2004-11-27,104234.980204375,0.961499464645386,-0.876697170410152,-0.634044752197264,-3.87256588867186,-4.56694638916014,12.8680573371089,257.68890247866,0.0860540771484374
2004-11-28,104230.23153625,0.894831682815552,-0.387414486083981,-1.0454190246582,-7.02510169921874,-8.19753742187499,16.878548132823,228.117136413851,0.0877075195312501
2004-11-29,103591.58998125,0.459810046081543,-1.47073241455078,-1.67507696044922,-8.16978292724608,-9.91133392333983,17.1324469471543,221.044312118301,0.0279541015624999
2004-11-30,102858.284825,0.509169015350341,-1.02985716308593,-1.3592930859375,-8.6807887939453,-10.3322404852676,12.0082389730984,253.557064881215,0.276977539062499
2005-08-01,100923.397901875,0.543133795013428,0.674527033691405,-0.630135172119142,15.8682271875,13.3176676684571,194.704428412165,344.24836075046,0.0927906036376953
2005-08-02,101316.577959375,0.710350958709717,0.142115090332031,2.30754633789062,16.7339420141602,13.1124837084961,196.998047634441,342.436564217843,1.37863433837891
2005-08-03,101108.497114062,0.524298262786866,1.66063893066406,3.51868030517578,15.4359019555664,11.7848145581055,235.500145370586,312.048311699696,0.903011016845704
2005-08-04,100756.187352812,0.273249856719971,2.47778711914062,2.62440056640625,14.4120359472656,9.57246615722659,252.622488617593,301.886291484136,1.59836181640625
2005-08-05,100560.116866875,0.408815585556031,1.1322149621582,0.40076536010742,14.123502734375,9.5629592871094,227.09197813767,312.520589133455,2.53066192626953
2005-08-06,100762.15393625,0.496524890289307,0.128471231689453,-3.53083299682617,13.8884167895508,7.96806575439455,203.731204138443,311.459676203192,0.0831575012207033
2005-08-07,100947.822125,0.606376088256836,0.532016749267577,-0.981353916015626,13.6797629150391,6.8431310058594,135.774221837087,331.376342496227,1.59175369262695
2005-08-08,100468.206913125,0.775266287078857,0.30188645751953,1.62199172973633,13.414132163086,9.73568453613283,139.177992846366,326.727440073382,3.68700134277344
2005-08-09,100634.103535,0.81149670753479,-0.274529146728516,-1.3508802355957,12.2019968554688,9.71942432128908,181.519221675582,318.657292277038,1.55770736694335
2005-08-10,101022.52755875,0.502299074859619,-1.74874616821289,-0.706067539062499,14.5188318310547,9.72514858154299,251.415901546016,311.549313030899,0.018764190673828
2005-08-11,101569.33077,0.230207971191406,-0.22054257446289,1.89262033935547,16.198606940918,10.8090106445313,138.242133027641,357.493830428794,0.391156005859375
2005-08-12,101073.570290625,0.785903361663818,-1.34594998046875,0.463154826660158,16.9291593041992,13.1167585278321,45.0559537995579,374.303543504366,20.3172772216797
2005-08-13,99989.689615625,0.777742389144898,1.34819983398437,-0.427632540283205,14.8647470751953,12.8449593408203,222.791318081132,305.136694369624,1.75242980957032
2005-08-14,100840.785076875,0.389341689529419,0.947320115966794,1.8112434387207,13.8410662182617,9.66670347656252,168.221252786098,318.105403523155,1.42999206542969
2005-08-15,101421.94948,0.54604359199524,-0.33326180419922,0.139983322753904,13.4194595483399,10.0232021264649,202.211433177106,313.160852848822,0.657909393310546
2005-08-16,101600.11643375,0.680214133148193,-0.113533630371094,-1.23532111083984,14.1683034960938,10.1056005004883,197.884464863162,319.848566879931,1.25315780639649
2005-08-17,101574.043316875,0.827643979644775,0.177432779541014,-0.658314239501953,14.300715,11.0813962060547,132.659431111271,331.937550002386,2.59055526733398
2005-08-18,101432.779925,0.730768436126709,-0.615055295410157,-1.95688237304687,13.1581809594727,11.0618402001953,197.884501840927,316.117710474675,0.224700927734375
2005-08-19,101256.44846,0.880565246887207,0.255333554687499,1.12934369766235,14.073518256836,10.7047277172852,120.715655759926,335.186958280816,8.25549880981448
2005-08-20,101255.6943575,0.775927869415284,0.0679497216796857,0.907520307617178,12.0975372070313,10.3263744580078,137.821935723699,328.274694995415,2.08124374389648
2005-08-21,101038.5584725,0.569191169052124,0.0826752038574221,-1.61992550537109,11.8723040161133,9.42611438720705,179.359100598908,313.418638832156,0.344447479248047
2005-08-22,100535.958919375,0.473227594223023,1.32596004882812,0.765908096923827,12.9603951416016,9.26594768554689,62.4345456082174,334.644579093956,5.66286193847656
2005-08-23,99467.1990903125,0.607965185775757,2.40620360229492,4.16464532226562,12.782883881836,11.4261030175781,192.506842578308,300.656155620848,0.75310760498047
2005-08-24,99027.93529125,0.755599141311646,4.71950766967773,4.10741157470703,12.5711080883789,7.47490904541018,177.902212696918,311.704406783714,2.60119674682617
2005-08-25,99929.86317125,0.517280417633056,1.1952746081543,-2.1241121472168,13.5799104980469,9.0659544067383,180.574717119159,299.715850174058,0.0185018920898439
2005-08-26,101210.91048875,0.513207533798218,0.173299754638672,-1.8037333215332,12.5644151831055,6.80436933105471,186.584576692576,306.426310152716,0.283219909667969
2005-08-27,101656.608612813,0.514698842697144,0.80116555786133,2.05162303222656,13.3042074414063,8.07575393310549,189.418179013666,315.154931672832,0.00173675537109376
2005-08-28,102013.233599375,0.862564766082764,0.0617637463378916,1.88139422241211,14.5604911132813,10.918080600586,154.989792199129,332.024322594064,0.0302484130859375
2005-08-29,101975.552309688,0.561533767013551,1.02640930541992,3.1152994946289,14.9842143017578,12.540266796875,171.281910908746,329.708376742611,0.0148037719726563
2005-08-30,102113.733760625,0.991559119262695,-0.0185721691894528,1.36068352172851,15.2579675292969,12.7263014892578,119.892824642155,353.977326777715,0.0349203491210937
2005-08-31,101576.255478125,0.999048600158691,-0.241358669433593,0.903222680664061,14.8569194677735,12.9569850146485,99.5646815161827,352.508531087324,0.283009033203126
2005-09-01,100920.245503125,0.766220016937256,-0.470777944335936,-0.596099449462891,15.1186660620117,12.4776621801758,152.880754956326,329.216858811921,0.0966989135742186
2005-09-02,101404.75619625,0.7023431640625,-0.970701711425782,-0.596192180175782,14.4455044750977,10.7774965991211,81.4181222148849,344.76353802097,5.81309173583985
2005-09-03,101890.736508125,0.931625216140747,-0.740572841796876,0.733021264648435,12.8478411621094,10.5930081542969,149.254724825281,313.019164483882,0.0182772827148438
2005-09-04,102131.9618225,0.649802990722657,1.22492946533203,1.69607465454101,12.5049054394531,9.58221344482424,134.928355468165,314.224097037523,0.0162713623046875
2005-09-05,102264.09173625,0.9151149559021,0.614814732666014,2.0023907421875,12.4874657910156,10.0952877758789,87.2881470523392,345.990478507605,0.229977722167969
2005-09-06,101775.922999375,0.87347788482666,0.751165114746091,3.42090625854492,12.2708902734375,9.59225192138674,146.724584797372,321.807740234747,0.00347351074218752
2005-09-07,101497.45042,0.403469099655151,1.89970141357422,2.41971368896484,12.6600208984375,9.56292752929689,182.259298926186,297.760349825357,0
2005-09-08,101791.80497875,0.119219674301147,0.867972285156249,-0.502827810058593,13.9682228417969,9.49562097900392,164.093769083417,309.714811276644,0
2005-09-09,102367.496890625,0.682038819198608,0.191701936035155,0.342576256103515,14.1202087402344,10.701554519043,172.35279645772,313.541956833192,0
2005-09-10,102439.262235,0.487135973281861,1.04187112670898,2.83818812866211,15.0278005590821,11.4793880053711,138.244858952607,319.910192576758,0.0444113159179689
2005-09-11,102324.057274063,0.498864728775025,1.4845788696289,3.06526781616211,14.6444433715821,11.2013117700196,132.712351981532,318.641236104912,0.0421170043945313
2005-09-12,101763.483209688,0.920683505935669,1.88324217651367,3.86095551269531,13.6782326611328,10.7993613964844,142.782356851704,328.882857625786,0
2005-09-13,101667.092138125,0.732589870147706,0.869928774414062,2.10054148803711,14.9973853369141,12.336799284668,113.784625073724,341.426518514119,0.0296075439453126
2005-09-14,101641.97222,0.494858443069458,0.100820100097655,2.2560625402832,14.8364904736328,13.065174116211,119.208603253372,332.668219256301,0.20416717529297
2005-09-15,101088.137055,0.567504283828736,0.157750557861329,1.77584710327148,14.6055857763672,11.8976199462891,83.5152753729831,344.312480401964,0.78503143310547
2005-09-16,100907.99484,0.709457738342285,1.56889130249023,0.960222448730468,14.3989390209961,12.0955910449219,153.249104693333,293.944585361099,0
2005-09-17,101878.36379875,0.333171666641235,0.466786378173828,-0.966388519287108,13.0951654199219,7.61870986572267,148.764187279432,305.772492308786,0.0287808227539062
2005-09-18,102540.035364375,0.389946000442505,0.0593214294433591,2.1102854309082,13.5060523876953,9.76431548095705,122.060146427406,333.282852284395,0.04705810546875
2005-09-19,102383.85786625,0.599332688369751,1.57599394165039,3.86146019409179,14.4237805078125,12.0108157202149,94.107675555568,322.475888147707,0.407379760742187
2005-09-20,101531.813884687,0.478114217071533,2.27716137207031,0.362848825683591,13.8316433105469,9.37624762451174,122.734844619542,304.903154540718,0
2005-09-21,102080.85251125,0.675291753234863,-0.795504267578124,-2.36899960571289,12.4495623657227,5.87654472900393,77.687477246591,335.698189626788,0.1168408203125
2005-09-22,102703.383428125,0.909519285430908,-1.39940999511719,-0.262164313964842,11.8285932641602,6.35942912109377,48.4180868975682,339.297465870954,0.297279968261718
2005-09-23,103009.8301125,0.897013189239502,-0.576769042968748,0.543601683349611,10.3442763549805,5.45084699951174,108.305561165318,295.735810093551,0.105946044921875
2005-09-24,103059.94440875,0.560017308425902,0.604959991455079,1.0680157409668,9.71840330810549,5.33828053222658,70.1424246135616,326.164290286426,0.721076049804685
2005-09-25,103250.17988375,0.875636538696289,0.46778642211914,1.31727582885742,10.0734871313477,6.54875946777346,64.8030958855985,335.336093872764,0.1299658203125
2005-09-26,103280.42066875,0.939970664749145,-0.114083713378905,0.498432844238282,10.199126328125,5.33916004150393,62.4664477006916,336.393560285721,0.271389770507812
2005-09-27,102889.086215,0.942999177627564,-1.22924241088867,-0.377371719970703,10.0419282543945,5.42429674072268,39.2945995016294,335.431473750302,1.155400390625
2005-09-28,102291.006005313,0.933695640716553,-2.44688357666015,-1.94635232666016,9.14623177490236,5.12485359863283,49.5899632258083,313.435029463423,0.295010986328124
2005-09-29,101908.439149688,0.702243355102539,-1.03018722290039,-2.67535116333007,7.9715867138672,3.32803261230471,80.9027410629658,296.454134462923,0.0800561523437503
2005-09-30,101924.326981875,0.514329331359863,-1.66604428100586,-1.8208143737793,8.60303635009767,3.92238765136721,117.732951980209,264.162394955545,0.00347351074218752
2005-10-01,102422.62847625,0.0860172245025637,-0.19517670776367,0.089757124023439,7.57563558837893,2.63795722167971,100.894803477609,281.57686088491,0.0250189208984374
2005-10-02,103047.71233875,0.488622911453247,0.574171037597653,0.35815901977539,8.65865317626955,4.90882505126955,76.995523475344,306.54541577005,0.1395654296875
2005-10-03,103491.265184375,0.911330665969849,-0.343043443603516,2.55225159667969,9.19993592773439,5.10501457031252,51.9008028272073,323.783227539375,0.930343017578125
2005-10-04,103290.021515,1,0.824209283447265,5.89150399169922,10.6156459082031,5.88136243408205,40.1594615379386,335.633761086504,4.33023986816406
2005-10-05,101705.408599375,0.974263642349243,1.68645565429687,7.01216907958984,10.0211249291992,6.96579062011721,73.9231114012779,289.19825411329,0.375283813476561
2005-10-06,100856.99565,0.521662405014037,2.52115283081054,2.0369990222168,8.51837959716799,5.98473066894533,102.798060407663,264.855326030152,0.0250189208984374
2005-10-07,100499.86753125,0.679889610443115,2.03297156005859,1.06253466674805,8.0891879223633,3.10653550537111,18.4864179075934,319.93770403374,7.28674682617187
2005-10-08,98647.9473175,0.503384389648438,2.82486738037109,5.00909282470703,9.82043775146486,8.20981965820314,89.3494336749142,264.815062933213,0.00347351074218752
2005-10-09,99128.064,0.631111838378907,5.31254934692382,2.23563875732422,8.42451748535158,1.78796276123049,94.3076719296137,248.467724094886,0.0250189208984374
2005-10-10,100279.987295,0.301851790924072,2.66399408203125,0.50241075073242,5.91446518066408,1.18027223876955,39.3038659872566,299.275219336567,3.37309997558593
2005-10-11,100671.823918125,0.998223202362061,-3.04876686401367,-1.20323903930664,5.84048203369142,3.74361958251955,15.4146183370154,320.512335653692,6.46896179199219
2005-10-12,99624.717456875,0.960090808410645,-1.20348459960937,-1.86330841064453,4.71512356201173,4.22940082031252,40.2176251915391,313.499449470377,0.336243286132811
2005-10-13,100159.6392875,0.997601259307861,-1.33774892578125,-3.53501500976562,5.00087609863283,3.08006501953127,30.4758254799131,315.927607667517,6.12270935058593
2005-10-14,99635.1051175,0.960108731079102,0.153163311767578,1.31748039916992,5.37230123046877,3.14812182617189,35.8185554511233,332.155440059022,9.65145019531251
2005-10-15,99318.691691875,0.994159637832642,-3.19742390991211,4.77959196777343,8.26779107177736,6.97904462158205,26.1711594988597,339.946465464728,5.70510375976563
2005-10-16,100150.914826875,0.998542647857666,-2.90781088012695,-3.01518964477539,9.6714398754883,9.05619607177736,23.2058196241412,356.462632451035,13.8478698730469
2005-10-17,100450.135881875,0.949000767440796,-2.43194745361328,-0.918482364501954,10.6493017114258,9.92093094238284,34.1527903485839,323.682627159972,2.60016418457032
2005-10-18,101043.783159375,0.846192334060669,0.966932960205076,6.1645413293457,8.34964474609377,6.52838830566408,19.2668047143786,339.117905637863,11.5623883056641
2005-10-19,99925.760026875,0.937309418106079,0.741395427246091,7.28925901123046,8.76771843261721,7.53507734130861,71.5117645759981,271.342054650526,1.21442199707031
2005-10-20,99913.068364375,0.269571252059936,2.89379071289062,3.19600350097656,5.97102938720705,2.79524315917971,46.2028826995425,293.905808011786,4.03010864257812
2005-10-21,100930.190974375,0.752308851547241,2.26833583618164,5.356980625,7.52397323242189,5.37362729248049,11.2781890967427,348.407658812313,5.12594177246093
2005-10-22,101537.318348125,0.996997729492187,0.288455584716796,7.26309854248046,9.47152407470705,7.80281141601565,16.3405619518238,336.875418486478,0.695563354492189
2005-10-23,101861.05384,0.994195872421265,-1.12868793334961,4.50610778320312,9.47043084716799,8.10533739013674,42.2710530909544,300.830725040881,0.243182373046876
2005-10-24,101846.345951875,0.913677457122803,-2.61604764038086,3.01440580322265,7.87309203125002,5.64865034912111,27.6409204037259,316.710590977092,0.370789184570313
2005-10-25,101834.647551875,0.972145922470093,-3.36606349975586,0.891269739990234,7.0094721411133,4.61206965576174,12.5961859068817,332.226840330185,1.6961181640625
2005-10-26,102409.00647,0.987525354232788,-2.89908866699218,-1.34572587402344,6.8732640161133,5.24858934326174,17.3637191620428,331.37371778604,1.93485534667969
2005-10-27,102616.726020625,0.998159180755615,-4.34257082519531,-2.07886417114258,6.96970461669924,4.8759938964844,7.5729096898904,334.292380343855,2.987890625
2005-10-28,102699.58570875,0.995680972213745,-4.78089405273437,-1.04035934936524,6.46915724853517,4.5234369067383,12.1456748950913,331.511546241228,9.53436096191407
2005-10-29,102236.712215,0.999311624603271,-5.11249629882812,-0.582267921142581,5.73522270507814,4.47355667724611,12.9956249366495,337.156459928292,9.7273309326172
2005-10-30,102373.430245625,0.984747054138184,-1.81286442138672,-0.0953071740722682,7.18990558593752,6.75279140625002,5.88927223808655,345.742563217093,2.35748901367187
2005-10-31,102850.6517375,0.999128985137939,-1.464318203125,-0.611857148437501,7.42380542968752,6.98128152099611,8.25385427982744,339.004044463127,1.54659301757812
2005-11-01,102243.95225875,0.999983856506348,-1.78592070922851,2.35086881225586,5.97065260009768,4.86014227294924,9.02050384700375,333.683859076574,3.16361572265625
2005-11-02,102007.51403875,0.995304289016724,-1.51038473510742,-0.17092380493164,5.82882369140627,5.18937806884768,7.49533602830745,339.583949681222,7.17592834472657
2005-11-03,101732.30806125,0.99956529624939,-3.47383916137695,0.134178312988281,6.88867816894533,6.45789312255861,12.8599184362701,334.276801327117,3.10440307617188
2005-11-04,101552.915995625,0.989880527877808,-5.11266018188476,-1.49491694458008,5.86004915039064,4.37451696533205,6.44644181974056,334.382445852893,9.7735223388672
2005-11-05,101418.513240625,0.997467131271362,-5.86917176391601,-1.52372719726563,5.67368572021486,4.66424484619143,4.18777926664192,337.096261075408,24.55271484375
2005-11-06,100813.829424375,1,-3.98850532714843,-0.726384254150394,6.0602398779297,5.37943223632814,23.3749914757038,293.980984755694,4.04944946289063
2005-11-07,101000.497755625,0.576715092315674,2.68508005981445,1.42751555664062,4.72428208007814,3.6601417504883,34.9976149400945,261.407512606745,0
2005-11-08,101935.580191875,0.531256446762084,-0.994160117187497,-1.29396692382812,2.77100227539064,1.5701131982422,19.840008186685,298.918202810385,0.0877075195312501
2005-11-09,101753.05489875,0.925840065460205,0.13478985107422,-1.59038427612305,1.02066322265627,0.0475850512695475,18.5553589203632,283.40645715941,0.181002807617187
2005-11-10,101806.11754,0.907404451522827,-0.681917817382811,-1.1094242956543,0.542908205566424,-0.508789020996075,16.8158035030573,301.999059325923,1.952958984375
2005-11-11,101368.85617375,0.996057168884277,-2.08833233276367,-1.58346724121094,1.41524908691407,0.549060991210951,5.92685681744936,339.904109805563,6.03814147949218
2005-11-12,99928.36222625,0.98745031211853,0.24443682861328,3.9650861364746,6.94760888916017,6.5541845263672,5.09331352567152,340.518986507645,9.39072692871094
2005-11-13,99029.24732875,0.999772890396118,-1.3516267175293,0.325113482666014,6.43079578125002,6.19243269287111,12.9513578114908,311.024295378669,1.01379455566406
2005-11-14,98760.33956,0.847532096099854,1.61256128784179,1.73114143676758,4.70064249755861,3.88499419677736,5.5362881845592,307.251028321674,10.6857263183594
2005-11-15,98292.83238125,0.984363462982178,-1.00479544433594,1.31596626220703,3.45126442382814,2.91429552001955,17.0862456004542,292.069660984036,3.0785205078125
2005-11-16,98465.8884925,0.940521289901733,-0.351061988525391,1.48717809570312,2.49652097412111,1.41430761474611,17.618588879736,274.296284129155,0.11566162109375
2005-11-17,99190.517586875,0.794826755981446,1.39374119873047,0.679731848144531,0.560879909667983,-0.396045537109359,14.137885156796,284.107615312603,0.232694091796874
2005-11-18,99654.98992,0.991612562408447,0.202417346191406,-1.46735538574219,-1.34978244873046,-2.08491771240233,23.1363919745057,248.388482641297,0.182772827148438
2005-11-19,100295.5642725,0.690599260559083,1.2457033984375,-0.251626783447266,-1.90382866455077,-3.39781370117186,23.5355773747331,238.698375000365,0
2005-11-20,101521.64000875,0.222372376174927,1.06196335083008,-1.51878550537109,-1.19793536132811,-3.27733008789061,24.910361364883,225.173657983289,0
2005-11-21,102874.897695,0.798090754547119,0.279601691894534,-1.25651793945312,-2.6761030541992,-4.0768644604492,13.4719061319614,266.006631580448,0.104664306640625
2005-11-22,102816.2495575,0.983425722732544,0.660992066650392,-0.238627653808593,-2.8415609448242,-3.72076024658202,14.7407630482866,263.565303610166,0.00694702148437505
2005-11-23,101526.270550625,0.788068611755371,0.906221972656251,0.0246408129882801,-0.69968568603514,-1.70169467529295,7.50760885361704,290.283310679498,0.797879638671876
2005-11-24,101174.0497225,0.987983718719482,-0.823969322509764,-1.38698208740234,-0.231170412597638,-1.06968736083982,16.160163081991,269.438135913298,0.202254028320312
2005-11-25,100223.9507875,0.850586016387939,0.0956873205566427,-2.14676344482422,-1.8031830908203,-3.41420510253904,20.9744101577458,203.187917337087,0
2005-11-26,100849.50543375,0.101159337615967,0.169684946289065,-3.42348325561523,-4.61010562744139,-8.7155398535156,20.9404816363553,200.389318737009,0
2005-11-27,101744.3665975,0.123603542480469,1.57958101928711,-2.7386652722168,-5.5803023095703,-11.0292202490234,7.60111139848192,259.248744062928,3.29047790527344
2005-11-28,101372.53095,0.997038922958374,-0.930943853759766,-0.230560032958985,-4.82218899658202,-7.34913988525389,5.53421742973256,277.504431385072,7.70303100585938
2005-11-29,100547.331295625,0.995182076797485,-3.23505366210937,-2.5096487902832,-5.24623833984373,-7.71148551025389,15.0249343260361,218.870527757547,0.683755493164062
2005-11-30,102905.50160625,0.45215735244751,-1.84712850708007,-4.09244729248047,-8.34087929687498,-11.3066448339844,14.7855232103088,221.158279485591,0.0825805664062499
2006-08-01,100350.973845625,0.545850540313721,0.317968833007812,1.90612626953125,18.0648292138672,13.2201335986328,229.643924202347,346.222172559382,2.01380390167236
2006-08-02,100288.842620625,0.747828466567993,-2.92334122314453,-2.20255201660156,19.103447097168,13.4214298828125,171.214267199223,353.673980795604,2.39315746307374
2006-08-03,100598.912755625,0.596980308303832,-2.11097913818359,-3.63999904296875,18.6859948291016,11.0812249658203,221.106051237309,334.912250762698,0.00740188598632814
2006-08-04,101022.446262187,0.326276807861328,-0.658470136718749,-2.14251322021484,19.9818228710938,11.8269420556641,221.699468272871,340.821185808678,1.79232749938964
2006-08-05,101529.06782,0.328237245407104,-0.80324252319336,-1.38534458862305,19.2200653833008,13.4596133129883,231.151454990215,335.72699198702,0.0487678527832033
2006-08-06,101684.401416875,0.463800108184815,-1.19419587280273,-1.54594646240234,18.7784657226563,12.3209379223633,189.536161312877,346.602379684808,0.00548912048339851
2006-08-07,101366.47523875,0.686624769287109,-0.222216623535156,-0.558481579589844,18.9084863330078,11.9043784790039,164.373032274006,357.146742610228,0.146198425292969
2006-08-08,101081.96884875,0.619659973373413,-0.124288179931643,1.59016314575195,18.8582892431641,13.3773445605469,111.809396613449,358.85933294073,3.10217132568359
2006-08-09,101219.0258125,0.847929162139893,-2.67239700561523,1.38952494262695,15.5592638549805,10.6423933056641,50.2677744242556,362.748389527337,5.96275451660157
2006-08-10,101367.385416875,0.996025940093994,-2.61042107421875,0.780161059570313,13.6295600048828,10.8175410888672,104.072039692555,350.109156050423,2.36103637695313
2006-08-11,101551.884679375,0.780939490890503,-1.37145042724609,0.373932419433593,14.5427274169922,11.1630287670899,177.946182103663,327.069300101195,0.650755462646486
2006-08-12,101172.42312875,0.519085531234741,-3.18522342163085,-1.55526405883789,15.0905482983399,8.55824167724612,69.5516901252039,340.025343896222,3.4737776184082
2006-08-13,100522.706936875,0.999800984268189,-2.26186319580078,-3.8147657836914,12.0390305419922,8.81695609375002,60.7510816674635,355.526942113732,11.8931413269043
2006-08-14,100261.486105625,0.717988412780762,-0.332605645751954,0.668299460449216,13.1071820727539,11.7283237719727,162.176735565621,333.403484301191,2.72297042846679
2006-08-15,100945.46862,0.578494560241699,0.853790799560546,2.54641528930664,14.4616087988281,11.9785045947266,201.387731659642,328.047662897552,0.262465515136718
2006-08-16,101539.558004375,0.407882568130494,0.882132525634763,1.78575726196289,15.809826484375,12.7147557861328,189.535445935351,330.406944911529,0.105975189208984
2006-08-17,102074.718490625,0.405166083602905,-0.571111624755859,0.667449870605469,16.7179854101563,13.0131179174805,236.787873272861,310.934167647431,0.0161784362792968
2006-08-18,102013.522986875,0.190153731307983,0.135933468017577,1.51405161499023,16.4379311816406,11.7901058837891,228.292995077874,315.742962517697,0.000733795166015625
2006-08-19,101733.554385,0.649796658020019,-0.591624838867187,0.47381651489258,17.3606347680664,12.1293839550781,169.711036676509,350.791644936112,5.21972473144531
2006-08-20,100872.071244375,0.905940749511719,-0.533939539794922,-0.078597392578125,17.524425300293,13.1397125073242,198.444311066096,323.551033250737,1.68271026611328
2006-08-21,100750.83067375,0.304242465057373,4.12856396850585,2.2429534765625,16.2830860449219,9.45481616943361,224.604065768971,300.658789101402,0.000733795166015625
2006-08-22,101467.230510625,0.738899144287109,0.525790407714843,1.65341932250976,14.9627554956055,8.7517558911133,70.3375264115523,336.922002410821,16.0872050476074
2006-08-23,100372.08187375,0.639200266113281,0.613138476562497,3.11314385009765,14.075529140625,12.1868931469727,187.868763262765,319.842424896908,1.06956817626953
2006-08-24,100541.334628125,0.815566228179932,2.64121244506836,4.08640126831054,14.756524465332,9.42195450195314,69.6512949494021,364.157772142345,11.8271405029297
2006-08-25,99668.228540625,0.710713167953491,-0.504946389160158,6.25175233398437,15.6972117700195,13.647223269043,108.461852191785,347.647391939186,13.8192337036133
2006-08-26,99752.7991325,0.757684233016968,1.26465878540038,6.2291090661621,13.4776784692383,11.8217263427735,100.742182494295,343.951381862404,6.94382125854492
2006-08-27,100207.402184375,0.70746555557251,2.05442770141601,1.77017716430664,14.1975611425781,11.5714021997071,98.9545427087293,328.512952215252,4.67574661254883
2006-08-28,101220.1038325,0.764926520233154,1.35379724853516,-1.39873401855469,12.2790205834961,9.49532446777346,135.109383434073,308.936471995064,0.179818572998047
2006-08-29,101097.805939375,0.728481744995117,1.91263171386718,1.79930915283203,11.0874184179688,5.63714079345705,148.708326202799,321.747959989123,0.820787658691405
2006-08-30,100008.237581875,0.572176431884765,3.2747168786621,4.6582811340332,13.7795662329102,10.0646077514649,166.820649782814,311.352850640795,0.342587890624999
2006-08-31,99647.984220625,0.628153615036011,4.58442378173828,2.72534222412109,12.9333756518555,6.55965575439455,177.48939672371,282.513664110711,0.14074462890625
2006-09-01,99677.6950846875,0.450168459777832,2.71592202636719,-0.401476549072266,11.7736540527344,4.7164166723633,197.831572437336,289.657345388727,0.289129028320313
2006-09-02,100959.053729375,0.252502316818237,0.972345003662108,-1.16659492431641,12.8047005249024,7.67875119140627,138.888890251834,313.440518528158,1.32161682128906
2006-09-03,101497.988316875,0.648092267837525,-0.22826104980469,1.6386678930664,12.0955307592774,8.87064990234377,147.925063189619,325.416328475634,0.934009399414062
2006-09-04,101310.438891875,0.777513070907593,2.50873306274414,3.42695686523437,13.4780306274414,10.2371465234375,107.521429885777,342.535535486708,8.90367828369138
2006-09-05,101125.32916125,0.761232660446166,0.441055013427732,1.25579688598632,13.2417433837891,10.915781015625,50.9542334418812,356.980581898346,11.499270324707
2006-09-06,100636.217250625,0.92192747833252,0.828437314453123,-1.52156606445313,11.8457173291016,10.5254012231445,130.554818874317,327.633569569239,0.540760192871092
2006-09-07,100656.067451875,0.840580392532349,1.95740172485351,1.69257312133789,13.0421362353516,8.80740741210939,124.970169462337,344.047551272997,2.33841247558594
2006-09-08,100540.8554675,0.929677204742432,3.32430348266601,4.83956941284179,14.5943409106446,12.3334289306641,123.342819753683,342.248160180457,1.20654968261718
2006-09-09,100303.06740625,0.597131785125732,4.25026452636718,3.79749747436523,14.2911355810547,9.82174855712892,164.402929744963,293.619700616199,0.0180081176757813
2006-09-10,101742.217536875,0.303978186416626,-0.0465827575683597,-2.06534655639648,12.3149234619141,5.20098108398439,169.860369957277,276.553212045828,0
2006-09-11,102962.4230325,0.471536578903198,-0.0797998889160148,0.408817025146485,9.27457814697268,2.76570865478518,155.683496962353,300.728027358512,0.0398226928710937
2006-09-12,102397.99863,0.439330976638794,1.04360099609375,3.70272436645508,11.928389741211,8.8573580786133,85.7260109503594,338.661301354143,2.38373596191406
2006-09-13,101414.66935375,0.853981362838745,2.72747409667968,4.7737675,12.0775219213867,9.15035860351564,162.772255830072,303.633364646944,0.848778686523434
2006-09-14,100803.15793,0.664034825515747,2.65714530151367,1.20837336181641,11.7066276245117,6.32372941406252,10.4872050788729,355.268575863936,19.1563583374023
2006-09-15,99117.063281875,0.987000047225952,1.90662541870117,7.02892740966796,12.5298049121094,10.8695164575196,161.875000797757,278.484623751156,0.0125094604492187
2006-09-16,99831.789125625,0.0266789324951173,4.18607892822265,1.93542690185547,11.2016712890625,4.6356509716797,110.569042442646,297.317010603635,0.237679748535155
2006-09-17,100590.411319375,0.721155197601318,2.77166061279297,3.97474044189453,11.1402501733399,7.10929830078127,76.1641602124284,337.448799499462,10.0397604370117
2006-09-18,99952.74228125,0.942336083374024,-0.372607857666017,5.54224372558594,11.8630637939453,10.0129352905274,60.0344364678709,322.571362840025,12.7638696289062
2006-09-19,98626.698488125,0.644293146057129,1.56370923461914,3.03443045166016,10.4727317797852,7.87047147216799,115.666694692717,294.314292845777,4.25145446777343
2006-09-20,99135.384343125,0.836706539764404,2.8338103930664,4.73607052612304,10.3762815112305,6.57329751464846,34.3679196358214,333.515273654434,12.6950134277344
2006-09-21,99479.980445,0.513032862854004,3.62689212646484,6.38587659423828,11.8115805834961,7.87557782958986,104.184419386331,290.507464200596,0.681414184570311
2006-09-22,100564.17526875,0.294800644302368,3.65584711669921,4.95621893920898,10.6371573925781,6.47147000244142,132.666015049694,279.972189923829,0.665822448730467
2006-09-23,100881.551750625,0.15822054145813,4.12587946411132,1.72089966308594,10.2197715478516,4.72433651123049,142.607144113379,253.365304830196,0
2006-09-24,102053.52924875,0.00874382286071779,2.36952662109375,-2.20381232910156,7.77513842041017,0.375539101562517,133.985261044579,255.458066167618,0
2006-09-25,103006.939301875,0.236047305297852,2.27064649780274,-1.51731942749023,7.78820423095705,1.13470863769533,129.054290572874,275.306119388508,0
2006-09-26,103166.977630625,0.0817590554809572,1.86844943481445,0.625378162841795,8.80935109375002,5.19106075195315,100.961029469113,293.682536268155,0.01397705078125
2006-09-27,102539.64355625,0.947524856109619,0.878291291503906,0.67859915283203,8.86035660156252,7.10732591796877,111.8585149369,282.865985408916,0
2006-09-28,102200.87481375,0.795123433303833,-0.0446728833007782,-1.28390214355468,8.23767511474611,4.48699645507814,100.418582963757,288.372899974185,0
2006-09-29,101766.47239375,0.912828305358887,0.630515487060546,1.98556399047851,8.33521739257814,5.90808871826174,88.3338277509261,312.849181254827,1.68866394042969
2006-09-30,101024.817065,0.937157956695557,1.35292949584961,1.44702838745117,9.25529313476564,7.56875434570314,122.603185051071,276.160092421243,1.64242889404297
2006-10-01,101210.55930125,0.259440796661377,-0.125599700927733,-2.76456538085937,7.90065652099611,3.20060125976564,112.601224245837,272.64250669647,0.150113525390624
2006-10-02,101482.659415,0.375161131591796,0.703357160644531,2.88285878051758,7.96151502929689,4.79859804443361,61.4619441135362,320.27883529144,3.79060272216797
2006-10-03,100430.483615,0.548849478988647,3.66881819458007,3.47343530639648,9.87247829101564,7.89704505371096,112.103930198662,251.488029046553,0.0421170043945313
2006-10-04,100808.278134375,0.0919088955688476,3.83135663574218,-0.190591450195312,6.73579620117189,0.446635253906266,98.1131734048915,265.38190551887,0.0317547607421876
2006-10-05,101476.021819375,0.684009096450806,2.52309852905273,1.39065058837891,7.20699833251955,3.43962395751955,81.8550090536933,295.942583117063,0.310654907226562
2006-10-06,101947.157513125,0.603965926284791,3.32470681884765,-0.398248457031249,10.1780664013672,6.65218310791017,69.5719567847367,288.925418890809,0.0250189208984374
2006-10-07,101914.863360625,0.513902432937622,3.43235867065429,2.40398038330078,9.76956168212892,6.7527640161133,101.704192466778,268.195953239436,0
2006-10-08,101548.7162325,0.213932226257324,4.08274405761718,1.22774116821289,9.1987661669922,4.26506180419923,63.3577151795579,300.080134253237,0.0200140380859376
2006-10-09,100252.29456125,0.538143723297119,4.9557967993164,1.42412325927734,10.978664296875,6.22299217773439,84.949609919949,256.240786840248,0.641573181152344
2006-10-10,100472.789344375,0.257027527160644,2.75493738525391,-2.96318686767578,7.31566885498049,-0.690447866210919,94.1339214722554,247.273569848562,0.0125094604492187
2006-10-11,102006.6048175,0.182538019332886,1.11798269042969,-2.93445282226562,5.65965328369142,-0.491891542968731,63.396304558567,285.788636824587,1.65585021972656
2006-10-12,101398.393740625,0.741049188232422,3.2738821118164,1.38845803466797,7.40841026611329,4.34784286621095,92.4820204240951,244.371114929485,0
2006-10-13,101988.799326875,0.415630498046875,1.23706946655274,-1.8105058618164,4.27537473144533,-2.75514417480467,56.0743328544205,271.586161942378,0.0148037719726563
2006-10-14,101523.70837625,0.939785956878662,2.04307446289062,1.14358445556641,4.12048124755861,0.332615480957049,76.3061429772653,270.396756020308,0.00173675537109376
2006-10-15,100582.67843875,0.28767778755188,3.70362277954101,-1.67418470703125,7.95807849121095,1.29798212890627,86.9596598198186,240.720099207236,0
2006-10-16,102151.339373125,0.25417595275879,1.37290342407227,-2.79666924072266,4.77285062500002,-1.20084896484373,80.001657409777,233.879227896705,0.0180081176757813
2006-10-17,102733.579060625,0.217767713851929,-1.03839054443359,-2.08898200195312,2.09476149658205,-3.39022078369139,80.9608746128732,233.11633015043,0
2006-10-18,102990.341330625,0.367716347885132,1.4122548071289,2.25354926513672,1.96515685791017,-2.02909490966795,61.2527834167904,271.786628834777,0
2006-10-19,102303.28240375,0.75014379371643,2.98490445800781,0.489912946777343,5.86250115478517,3.14738318847658,71.7125602386514,262.306555845838,0
2006-10-20,102278.9370925,0.6535305859375,1.62313090942383,-0.32022185913086,5.60116750976564,2.90620751708986,67.5610841296011,275.09657682523,0
2006-10-21,102404.7227525,0.422622716598511,-0.911022447509763,-1.52198740600586,5.89953384765627,3.49206583740236,45.3838389582164,286.339940215713,0.0360162353515626
2006-10-22,102918.894445625,0.794854701309204,-1.60033567260742,0.0544803112792986,3.04975731201174,0.513244086914083,33.064059709595,289.394348147968,0.290987548828126
2006-10-23,103052.50879375,0.840883121948242,-0.00866079467773331,1.67693651000977,2.62173927978517,-0.521343583984354,38.4512805688482,302.668793016103,0.125005493164063
2006-10-24,101984.9698225,0.832912959213257,1.64355821289062,4.66008342773437,5.81357735595705,1.52320625732424,22.7198346100228,310.087991826766,2.17703491210938
2006-10-25,100892.906671875,0.907822020874024,-1.31022401367188,5.83398646972656,5.70364676757814,2.4733532714844,10.0431860351676,309.470911629164,13.1638342285156
2006-10-26,100425.089489375,0.684581407089234,0.614384752197261,2.35255110473633,4.45869684082033,3.6539036279297,34.3435541332869,286.614572178302,6.3711962890625
2006-10-27,100072.77306,0.909925557785034,-2.27799051147461,3.52378034423828,4.2479490185547,2.86310731933595,12.8917762028339,325.720286887159,13.1383972167969
2006-10-28,99467.580961875,0.989718551330566,-2.79247665527344,1.09151512329101,5.01885670410158,4.43781544433596,33.7875204327145,286.398895098665,1.51126831054688
2006-10-29,100860.18151,0.676748941650391,1.50252540161133,0.835514372558594,3.89953608154298,2.14653025634768,7.38479716351344,326.336259648115,5.02404235839843
2006-10-30,101212.2791925,0.98085387046814,2.01798740966797,5.10211458740234,6.99615277343752,6.18573892333986,35.5624455560888,281.723407559251,0.0500378417968748
2006-10-31,101208.08703625,0.893967086639404,3.66367372070312,3.24585562011719,6.74294293945314,4.00366876708986,49.5015230791614,248.534336219586,0
2006-11-01,100956.22618125,0.142272748947143,2.70768797607422,-0.415349323730468,4.18838232421876,0.0133604980468922,42.7807783041237,264.474331793891,7.62343383789062
2006-11-02,100203.39258125,0.912413048934936,-0.139823990478514,0.671835521240232,1.56710299316408,0.15491900634767,42.3135917426475,262.797571258185,1.73353820800781
2006-11-03,99454.4946109375,0.748299658126831,1.85639396484375,-0.100586378173827,1.74536856689454,-0.165210468749986,12.2057343702466,310.679233100131,4.18084777832031
2006-11-04,98955.674019375,0.995124437789917,-1.43076591064453,2.91338650634765,4.9368146801758,4.15926894775392,8.1345621144109,333.162801600727,13.1320642089844
2006-11-05,98119.445448125,0.968883747940064,-1.53558730102539,1.22593795166015,5.19476603759767,4.68788543945314,12.0947100537717,306.317134013368,6.66839416503906
2006-11-06,99052.84121625,0.75193437713623,-0.152652735595706,4.05102154174804,6.12952389648439,5.21514957519533,12.3769546951622,324.21649885353,11.9102972412109
2006-11-07,99892.518620625,0.945342550735474,-1.0010087878418,2.75006088012695,6.79345980224611,6.28339489990236,14.3887498981212,338.210697897941,1.33253051757812
2006-11-08,100375.756974375,0.998956644210815,-0.0744657714843737,1.8422177368164,7.40506805908205,6.98418836914064,10.4352845045563,332.351706656602,16.205791015625
2006-11-09,100108.173548125,1,-1.88422071777343,-4.97287400878906,4.67764854492189,4.15564938720705,16.0001081457377,282.540976456652,3.13920166015624
2006-11-10,101885.280241875,0.598163384780883,-0.677221470947263,-3.95732650512695,0.42752215332033,-2.4857403588867,36.6468460040094,230.55060897949,0.0250189208984374
2006-11-11,102745.9174225,0.446465168075562,0.353908463134767,1.20292461914062,-0.745607023925768,-2.47802522949217,14.954058380614,304.371136476137,1.68096496582031
2006-11-12,102049.13418375,0.97378979095459,-1.39811808105468,-1.02302893432617,1.45917459472658,0.879193959960952,3.65433613589545,323.792753580466,7.22793579101563
2006-11-13,100930.92129375,0.999904912643433,-1.21953213745117,-2.9844055078125,2.48330138427736,2.02995953613283,4.35885547308974,316.314172272187,9.49419189453125
2006-11-14,100338.814275625,0.825122908477783,1.10361158325195,-1.0762616809082,3.10466256591798,2.40419732421877,14.56652382073,292.533265443069,0.165699462890625
2006-11-15,101585.8259025,0.966785311737061,0.776502326660155,-0.272539519042971,1.69771796875001,1.32209893066407,14.3742621995172,291.990588300758,0
2006-11-16,102864.00739,0.875185044403076,-0.541993497314451,-1.63712014892578,0.615294565429704,-0.234168898925765,20.5648785685676,270.979965533537,0.10565185546875
2006-11-17,103488.002696875,0.657662388916017,-0.754461660156247,-0.684854807128905,-0.290746823730451,-1.34465210449217,14.1600187193754,290.778377527457,0.268582763671875
2006-11-18,103485.617193125,0.949229312286377,-0.903660667724608,-1.4424360961914,-1.40183580078124,-2.56498506347655,7.10780146842337,299.815142109477,1.72135620117188
2006-11-19,103591.352555625,0.974312884292603,-2.19612119262695,-1.8387089855957,-0.278677866210924,-1.59258741699217,12.2493795104391,291.357514745822,1.53817077636719
2006-11-20,103620.51201,0.96765779296875,-3.25562200561523,-2.24577506835937,-0.413813950195295,-2.65071587158201,14.8960620751028,264.444202500793,1.7824169921875
2006-11-21,103298.542399375,0.770817096862793,-4.1554940234375,-1.24535866943359,-2.0490748901367,-4.48020659667967,15.3863379321553,266.019076968659,2.18229064941407
2006-11-22,102664.96261375,0.83831251121521,-5.15367102172851,-0.266631652832033,-1.98612011962889,-5.10340010253904,13.4174293511373,265.381244659843,1.31279479980469
2006-11-23,102626.462161875,0.827579246673584,-3.08716878540039,-2.69895279541015,-3.16343376953123,-6.03502495849607,9.70910188609864,266.320112951583,1.41081787109375
2006-11-24,102665.49908375,0.916661191101074,-1.96607662353515,-3.23404338989258,-3.92781225585936,-6.25778331054686,15.3060715307794,266.224500777832,0.695546264648436
2006-11-25,102583.31840625,0.900185154647827,-1.73644258544921,-2.63509912353515,-3.72719757080077,-6.21641862792967,10.9378331869184,260.347691942765,0.631536865234374
2006-11-26,101576.663845625,0.861305650634766,-0.385182343749999,-0.318774527587888,-5.36771907226561,-7.07057964355467,9.95885919077663,250.200559040483,1.89824340820312
2006-11-27,101172.42871125,0.865039863739014,-0.621066502685545,-3.89004076049804,-4.23722239501951,-6.72618001220701,20.3525617247846,222.529141936381,0.0330810546875001
2006-11-28,102420.18835,0.251606058578491,-0.667152957763669,-5.007461640625,-3.19383825683592,-6.53854017578123,9.07498062782791,267.917766670691,0.327259521484375
2006-11-29,103291.427588125,0.927292240524292,-1.85121379638672,-4.39841317382812,-3.50799500976561,-6.44558742675779,8.23681795989831,276.836407205402,0.191167602539063
2006-11-30,103749.424646875,0.916300335922241,-1.5594735546875,-2.5939900012207,-3.62953499511717,-5.66813559082029,13.7920691007455,249.701201823664,0.0895275878906249
2007-08-01,100662.439059375,0.979238757858276,2.4572146484375,3.1173320336914,15.7416441259766,12.0545332055664,161.641957146456,349.181847650909,1.91854675292969
2007-08-02,100685.35255375,0.982659861831665,1.6424455883789,4.32365330078125,14.6589574121094,11.7041758447266,153.833421287654,336.967810572474,2.57865882873535
2007-08-03,101272.518446875,0.626881016921997,0.0283498937988276,-0.444980158691405,14.7163089550781,12.259632956543,246.825392702616,320.999024163859,0.0313089752197265
2007-08-04,102087.631026875,0.771529513015747,0.612704863281248,2.51734998291016,15.4587533569336,11.409618347168,220.597490349656,338.022430704951,0.00349426269531249
2007-08-05,102192.229976875,0.937169865264893,0.608723436279296,2.42205265258789,16.2116947314453,12.9812304956055,214.878914110744,349.16544118261,0.00470878601074222
2007-08-06,102074.785978125,0.607877030181885,-1.87681104125976,-0.23408118774414,18.6023415942383,13.4682887622071,176.428456297162,361.68886972251,0.921552658081054
2007-08-07,101667.259266875,0.642219080657959,-2.68546371704101,-1.32962946899414,18.7600949829102,14.0233801367188,139.299655855393,376.303137467175,6.75270843505858
2007-08-08,101040.005808125,0.956863453521729,-3.24386841186523,-1.18059940551758,18.7288101611328,14.8462296191406,89.9535536400415,364.803098424449,10.7409934997559
2007-08-09,100579.833404375,0.851667800521851,-0.12907478759766,0.220964504394528,15.9267653955078,14.7929474121094,98.6101868003129,357.510288743371,6.03800292968752
2007-08-10,100428.99176875,0.952698469314575,-0.955979210205077,-4.07808766601562,13.503262644043,10.7030078564453,98.6505797935022,342.416595321168,0.194362030029297
2007-08-11,100616.870335,0.835163572845459,0.0816805090332039,-2.45789854003906,12.6525473583985,8.39548679931643,214.013185467332,320.495824370615,6.49027999877931
2007-08-12,99995.84480125,0.591586778564454,0.912016540527341,-1.05494442626953,14.1085676953125,10.2359410302735,137.331223718651,332.137835324478,8.39094131469727
2007-08-13,99721.7905025,0.924440081481933,0.604401870117188,-4.0036574597168,11.8200088305664,7.66758758789065,162.580093764379,328.787349985331,2.7766030883789
2007-08-14,99832.54738875,0.77622060256958,-0.019571696777344,-3.77220432861328,12.1846892797852,7.9421805004883,93.7906727634493,347.627312775884,0.200433959960937
2007-08-15,100386.489059375,0.873926214141846,-0.0600893176269526,-1.3483498840332,12.8811331860352,8.43761329345705,189.904959997875,322.047314668935,2.32914825439454
2007-08-16,100358.603241875,0.505428449325562,0.190176605224609,1.29877114135742,13.3325933422852,10.223836225586,161.755535121291,324.632455210817,3.44596008300782
2007-08-17,100074.7729575,0.776509523773194,-0.468148525390627,0.74991123535156,12.5637106225586,9.85349468505862,159.474094265099,325.589220029591,1.02896087646484
2007-08-18,99985.069285,0.601817446212769,-1.95007334472656,-1.47663039794922,12.655587800293,9.32158912353518,184.468203630132,305.682659570036,0.0843173217773436
2007-08-19,100003.345970625,0.42887015914917,-0.823868535156249,-0.973034039306639,13.6111140234375,8.59160606445315,222.65315303347,303.307576317177,1.58010620117188
2007-08-20,100160.621464375,0.306605153121949,0.0951255102539044,1.32040363647461,13.8413348803711,10.4660179858399,160.124678213871,325.626708253432,1.00083709716797
2007-08-21,100137.677134375,0.714270407180787,0.30724895507812,2.9829641418457,13.063071147461,9.50712565185549,182.331932737656,323.624091832428,0.575853576660156
2007-08-22,100026.749931875,0.414195266723633,2.00573079345703,3.12278503173828,12.9099873071289,8.89044835449221,175.272441296672,305.266726560889,1.16027954101563
2007-08-23,99884.548925,0.630630419921876,3.14935341796874,1.84216032592773,12.0754079199219,7.71347730224612,152.690503408479,308.543558592629,1.24480072021485
2007-08-24,100267.049135625,0.851816550369263,1.66443220214844,-1.43289929199219,12.1319370117188,7.92051548583986,197.365705697617,295.918927303168,0.00494110107421878
2007-08-25,100989.49136,0.588190411071778,-0.845474287109373,-2.57205693725586,12.2163452416992,5.36206147216799,182.384321696992,305.745426244239,0.531860961914064
2007-08-26,101641.376766875,0.71754514465332,-0.502238165283202,-2.00438397338867,11.9654125292969,5.67419642578127,145.211096263454,306.368785076668,1.60833557128907
2007-08-27,101775.496945,0.640164131546021,-0.464882847900389,-0.858360155029296,10.9160775048828,6.56494014160158,160.237403507525,301.715519514618,0.415762329101561
2007-08-28,101406.238565,0.748798694458008,-0.377679218749999,0.817998011474609,11.0227646704102,6.32970998779299,57.6952742690341,345.48902090634,10.3722045898438
2007-08-29,101155.340973125,0.997073931274414,-1.13515713500977,2.13671989379882,11.5438175415039,10.4427898901367,83.0198700362548,346.569923399937,9.90967041015625
2007-08-30,100876.585140625,0.958360504608154,-3.04560920166015,-1.51011787841797,11.9796186889649,10.6504308837891,67.9327656580284,352.814616431434,7.30598022460937
2007-08-31,100537.177066875,0.870750754318237,-0.952617523193358,-1.59304913452148,12.3062341772461,10.7021650903321,106.121658408126,340.845502540859,6.31234802246093
2007-09-01,99526.085344375,0.904687942199707,-1.18290202026367,1.70895609741211,12.117651616211,10.101194272461,75.3810014955076,351.127796995565,5.01130310058594
2007-09-02,99504.325494375,0.922326244812012,-0.0756881188964854,-1.67289975708008,12.1550863793946,10.8710127563477,177.559699987852,309.039067040432,0.06103515625
2007-09-03,100793.58380375,0.339289366989136,0.400205777587891,-1.75484601074219,13.3531918481446,9.51609712402345,139.918764615244,315.647393010597,0.0250189208984374
2007-09-04,101459.637565,0.766192559204101,1.52787824584961,3.89863661254883,13.5125501953125,10.8139206152344,86.713491728692,353.885107787954,0.323336791992187
2007-09-05,101750.336185,0.836209256744385,2.83376915649414,5.44501803344726,14.6206020556641,12.3070059521485,112.335108072843,342.07205357578,0.0529730224609373
2007-09-06,101746.340226875,0.781321651611328,1.05601878662109,3.9077043737793,14.103534584961,11.654422175293,111.72273922173,352.511849841711,0.0941162109375001
2007-09-07,101647.217649375,0.792146662902832,0.711464666748048,4.32921234252929,15.9057084350586,13.6009957958985,97.6977348548296,349.588205715279,2.30287597656249
2007-09-08,101215.505305,0.888446201705933,-0.0886762573242202,3.60123690307617,14.7156379785156,12.8446090136719,167.805278532521,306.705661284014,0.0296075439453126
2007-09-09,101793.484424375,0.442396993026734,1.38546802612305,-0.207831206054689,13.0038729809571,9.22927256591799,142.474455330455,317.565405965086,0.821639404296873
2007-09-10,101606.621035313,0.857262937698364,1.89725911865234,3.4085988671875,13.0617420019531,9.89222319091799,87.8682257814848,335.19304491571,1.18168579101562
2007-09-11,100891.432355625,0.434368258361817,3.23602184814453,2.5452417211914,13.0292154614258,9.89723712890627,162.303047817455,284.367192584194,0.0330810546875001
2007-09-12,100972.23701125,0.750586264801025,3.06285659790039,1.27156657104492,11.1149753955078,5.22932582031252,157.066472949619,269.170118229863,0.0330810546875001
2007-09-13,100720.48195625,0.276386347503662,1.38481662475586,-0.950923930664061,8.57720954101564,2.29455547851564,43.0736952973132,307.384726644982,5.01453247070313
2007-09-14,99624.50885375,0.562888617858887,2.26415654052734,2.85271701782226,9.25780817382814,7.07775739990236,78.2922324707541,309.324112747504,2.88151611328125
2007-09-15,99505.46388625,0.74958459777832,3.1297993395996,2.10513096313477,9.87074699707033,7.23233212646486,106.248856230019,305.606937167061,3.5253546142578
2007-09-16,100522.879620625,0.851508829498291,3.16472528076171,3.35516965454101,10.5741431323242,7.48767419189455,45.175488690815,326.659500304704,14.8829187011719
2007-09-17,100104.323086563,0.506462338027954,3.24056561645507,2.32466201171875,10.0210855200195,7.68349138183596,161.146823276298,257.350783486566,0
2007-09-18,101886.595135,0.0939933051300051,2.97612974243164,-0.410017060546875,8.74729693359377,2.37831857666017,151.494989518189,257.921005271033,0
2007-09-19,102738.357871875,0.682265108413696,-0.527274486083983,-0.686959016113281,7.82250559326174,3.25096754882814,111.743812755053,304.929878086867,0.78781921386719
2007-09-20,102380.56046375,0.995021660995483,-2.5349093371582,0.630482967529296,10.1027043920899,5.78145994140627,35.063507420604,347.77960759635,8.95734985351563
2007-09-21,101575.889839375,0.955588283386231,-3.39642485839843,2.39511645629883,12.0495454345703,10.8000070288086,45.1269624856739,358.738718168371,23.0135827636719
2007-09-22,100659.726664375,0.826171754074097,-0.636233591308595,4.68925347167968,13.5322845629883,12.5388357714844,78.3538741675746,341.897664540869,15.1397259521484
2007-09-23,100671.1771975,0.789096569137574,-0.758387255859376,3.12799136108398,12.4960730004883,11.3816394506836,111.076074441949,314.271251272777,3.44498779296875
2007-09-24,100204.849475,0.260026550674438,3.32656389892578,5.78516029541015,11.9052048535156,8.83273876708986,103.673980217857,306.675330983579,5.73728698730469
2007-09-25,100651.62698375,0.555160803756714,2.25470227416992,0.528486036376952,9.81414875488283,7.0448262426758,99.5910845883703,303.974763282327,9.89171691894532
2007-09-26,100499.220044375,0.764488681106568,1.68628238891601,-5.66287724487305,7.24067208251955,3.90923580322268,83.6864215053322,319.198406634714,2.4091650390625
2007-09-27,101303.0167025,0.944705630950928,-1.17893275146484,-6.27414252441406,9.48738769042971,4.6586811254883,50.5234173564915,332.987230225491,3.3566455078125
2007-09-28,101167.32044875,0.996840214004517,0.132591186523438,-4.80452262084961,9.31990489990236,6.02290212890627,39.1878733762341,324.416595968281,3.96625854492187
2007-09-29,100654.2306875,0.822870867843628,-0.979603615722654,-2.01433979858398,7.90335653320314,6.24606709716799,105.691950233457,285.908762411932,0
2007-09-30,101284.460955,0.559568132171631,1.30440580078125,2.17676481567383,8.50809225341799,6.16885043212893,94.6889318842991,294.249870942527,0.125094604492187
2007-10-01,101735.67581,0.94559866355896,2.16446365844726,3.60603102783203,9.69128182128908,7.26481164550783,32.2302044771862,352.240249581759,4.25745361328125
2007-10-02,100937.80346875,0.997082308120727,1.36509134033203,5.27256256591797,11.5398976391602,10.2526977978516,93.701100765349,324.547499151833,3.05787170410156
2007-10-03,100008.66390125,0.752497903518677,0.481137237548826,3.24980864868164,10.2539056225586,7.32286876953127,44.388663723333,340.93747335293,2.05714660644531
2007-10-04,100183.037375,0.95188042388916,-2.86435994750976,-2.6808630090332,10.0047302563477,6.7341703442383,72.2079546716799,309.473926739213,0
2007-10-05,101048.633084375,0.680924164657593,-1.22435705200195,-2.75987763549805,9.09367388183596,5.07628554931642,74.3858921568975,308.689841681878,8.2478173828125
2007-10-06,100603.03472125,0.877541767578125,-2.18055471801758,-4.38565170776367,8.58730418212892,6.02215848388674,18.0444399890956,347.961567591559,9.18333251953126
2007-10-07,100004.5246525,0.999617325820923,1.21762525512695,0.995773607177733,8.86588141845705,8.02973772216799,12.8516046021595,332.874848161346,16.80451171875
2007-10-08,99517.124449375,0.876121031799317,-1.16426288696289,4.43316693115234,8.05232183593752,7.16040133544924,43.959085207878,315.941688610709,14.5188836669922
2007-10-09,99676.516456875,0.748668475418091,-1.70587099121094,4.59026740112304,8.06398273925783,6.77252385009768,38.1329970660692,329.398172170321,6.31979919433592
2007-10-10,100382.105168125,0.887474692306519,0.950217706298824,4.3956644921875,9.09261028076174,8.37029945556643,43.5141170682106,324.281984578627,4.11325866699218
2007-10-11,100892.6495825,0.841017962188721,1.5163125415039,2.58580016601562,8.81195932373049,7.58733231689455,72.211908211029,285.080872925571,0
2007-10-12,101718.344383125,0.544794299240112,1.17431470458984,1.37387962280273,7.10868097412111,5.82030224365236,38.6997957998893,308.813325608782,0.670128173828123
2007-10-13,101837.518019375,0.951824029541015,-0.536270986328125,-0.896129582519531,6.53917622802736,5.29086654296877,60.7517567487074,298.029596782434,0.117315063476563
2007-10-14,101679.4533325,0.650533534698486,0.0562175866699227,-2.76261380737305,5.51114219970705,2.05776271484377,85.7876462471823,244.878897387783,0.106190185546875
2007-10-15,101771.149401875,0.323595965881348,0.713534702148439,-0.0554355212402341,3.79758581054689,-0.167886638183574,87.0488463958323,237.484061235211,0
2007-10-16,102382.83121125,0.450583031845093,-1.15054569091797,-1.00947927368164,3.37582430908205,0.498767329101581,74.5000477315295,248.659235731177,0.0029351806640625
2007-10-17,102568.69914375,0.824184840545655,-1.51520762817382,0.490729162597657,2.94575587158205,1.32908035644533,64.8949600310401,283.105480909799,1.40252746582031
2007-10-18,102300.697391875,0.785505590820313,-2.69654572265625,-2.97632391967773,4.15986221191408,1.99299256347658,8.15027102739988,343.005478550918,4.43663452148438
2007-10-19,101558.277316875,1,-1.06973683105468,-2.49213246582031,6.5025722607422,6.2444143286133,8.51807510534021,352.357212147995,3.56345581054687
2007-10-20,101033.876147812,0.998135688552857,-0.454937836914061,-0.126947830810548,8.05857254394533,7.86435477050783,32.7836833934727,338.099404307486,1.50493286132812
2007-10-21,100643.115431875,0.951436689376831,1.0616261743164,2.27807031005859,8.79399819091799,8.2960101489258,34.8711381846143,341.067396151642,3.58752990722656
2007-10-22,99953.81420625,0.958251255111695,-1.60970597290039,-0.00550588378906391,8.93781921875002,8.02305637207033,22.7772520712933,343.107962900029,7.80497802734376
2007-10-23,99050.199926875,0.91070628326416,0.838150441894525,1.96844432373046,8.8753324926758,8.24154750000002,24.3838015502322,335.616318011163,3.0050958251953
2007-10-24,98700.88448625,0.930213168258667,0.0588161193847641,1.90101318725586,8.77123627197268,8.29869668457033,19.4914133464275,328.166141315107,6.2737744140625
2007-10-25,98881.3402346875,0.773142532501221,1.1679239477539,-0.305332717285159,7.18732203125002,6.49446519042971,28.5433421305178,298.590712555291,1.48385375976563
2007-10-26,99565.111930625,0.724619056320191,0.534091704101561,-2.29900490478516,4.47959771484377,3.04553520751955,59.5725187637993,242.945214394366,0
2007-10-27,101165.23317875,0.188133249282837,-0.102668056640623,-1.68504139282226,1.97845986572267,-0.882877873535137,53.3497042431197,241.658581602816,0.00640869140625003
2007-10-28,101799.74296375,0.563830403518677,-2.05171421020507,-0.416894561767578,0.558764150390642,-1.09203966796873,18.2256082808799,305.337465973026,8.25643432617187
2007-10-29,100710.106771875,1,-5.25665023437499,0.515824271240231,3.30303548095705,2.13747910888674,12.5408629041332,336.197177065959,12.6437353515625
2007-10-30,100034.73115,0.972862100143433,-1.12858213256836,0.105001838378903,6.25232426025392,5.99047993896486,10.4456306935071,337.742072048082,3.55531372070313
2007-10-31,100654.768642187,0.909352463684082,-1.8407807836914,-1.51487206787109,5.86442667968752,5.34818934814455,25.1823963506082,305.382747616346,0.517340698242189
2007-11-01,101335.52932875,0.931595673828125,-3.96818438964843,-2.39788397583008,3.63226562744142,1.03859107910158,22.2832637414736,287.372234252345,0.51654541015625
2007-11-02,101751.4452375,0.70407593132019,-3.5993138708496,-3.12948404418945,1.85115297119142,-0.983156259765607,29.2722509109789,266.423954100217,0.416992797851563
2007-11-03,101968.299260625,0.859706072463989,-1.87467165527343,-2.73080346191406,0.203200129394546,-1.83609067382811,22.45738160611,288.959352152939,0.871538085937498
2007-11-04,102108.667388125,0.962016531295776,-2.13291630493164,-1.94084537231445,0.608314760742201,-1.46723954101561,9.54105216747439,315.250949653849,3.21065856933594
2007-11-05,102113.08116625,1,-3.73805365112304,-2.15514682250976,2.34691103271486,0.712916594238298,13.8322023014334,308.430637980525,0.772582397460938
2007-11-06,102658.040135625,0.975011181106567,-4.09566031860351,-3.03762083129883,2.12422852783205,-0.67546842529295,11.5838859372855,302.006184656748,1.50206604003906
2007-11-07,103174.27281625,0.94261808517456,-4.51135419555664,-2.92252497558594,1.43279860595705,-1.93946322509764,20.9286942627267,281.984710459865,0.695329589843749
2007-11-08,103445.017993125,0.931338281936646,-3.47383464111328,-2.65736315063476,0.165425751953141,-3.63667577636717,20.221474600557,281.720293841829,1.0330712890625
2007-11-09,103478.058030625,0.985577630615234,-2.40624068603515,-2.81849793579101,-0.709215495605452,-4.68150319580076,23.5870200825512,261.060914328748,0.4701708984375
2007-11-10,103235.819385,0.977884093780518,-1.85225522338867,-4.89189937011718,-3.35413634033201,-8.03380851318358,30.4722950515261,234.494705724501,0.681087036132811
2007-11-11,102683.54232125,0.71631997428894,-1.23837385986328,-3.48608440307617,-4.46421679199217,-8.12688740966795,24.6199854078362,232.049852540645,0.0296075439453126
2007-11-12,102129.092178125,0.890951870193481,-0.21768984863281,-2.43746285644531,-5.4685582861328,-8.83247927246092,27.4417415701332,246.99822772326,0.632896118164062
2007-11-13,101348.21538375,0.755799005279541,0.767483934326172,0.0226942968749995,-3.44928918945311,-6.25878180664061,23.2523770003456,241.662876712415,1.53537353515625
2007-11-14,100816.52786625,0.489609806976318,-1.01281317993164,-3.17911874633789,-4.40151449218748,-6.98531656005858,33.4396260366549,200.788670063104,0.0330810546875001
2007-11-15,100942.2760225,0.358757797622681,0.454135253906253,-1.76542111938476,-7.82640689208983,-10.4772839575195,22.7052122744291,240.686676996778,0.548239746093751
2007-11-16,101191.381430625,0.641929323196411,-0.256607811279294,-2.27889112670898,-4.95927428710936,-7.3868554760742,28.8509319481721,207.649587114727,0
2007-11-17,101587.376814375,0.40389031791687,-0.0132548718261692,-1.74182414794922,-8.01353935302733,-10.1147473095703,29.3155623031407,208.219521610406,0.0575616455078125
2007-11-18,102087.07514625,0.524560641098022,-1.12834635620117,-1.00619587524414,-7.5940808251953,-9.49998046386717,15.4499169319977,260.51263552915,0.264481811523438
2007-11-19,101859.036309375,0.95275778137207,-1.28747537475586,-2.58741733642578,-6.17453671142577,-8.00754295898436,13.4370142923915,276.159049458647,1.17403869628906
2007-11-20,101053.25662375,0.94508376373291,-1.33582279541015,-1.15622128295898,-4.15343794677733,-6.08427013183592,4.81886645190656,302.925390259114,10.6555255126953
2007-11-21,100294.222578125,0.923674984893799,-2.24914275024414,1.44083584960937,0.394557883300796,-0.644298769531235,11.4086682211844,312.164812903132,2.00809204101562
2007-11-22,101014.696315625,0.926071202774048,0.323913157958982,4.29446790527343,3.53169637695314,3.02830047119142,5.69461369919897,322.013632903013,15.6817730712891
2007-11-23,99950.81393,0.999542548599243,-1.49459020019531,5.90491646362304,2.79854093505861,2.38706297607424,9.01078722820177,311.689440981574,1.59672973632812
2007-11-24,98889.7958390625,0.939255255279541,0.530407225952145,1.79016621459961,2.30458248046877,2.08705532714845,16.8611780648632,261.015330226275,0.0922961425781252
2007-11-25,98933.549433125,0.386362316741944,2.81865198730468,2.26771381225586,-0.106663937988272,-1.20295889404296,19.3982774977298,253.722966096892,2.03326538085937
2007-11-26,99051.49728125,0.732630138854981,1.57023969604492,0.84657806396484,-2.03302774902343,-3.11724101562499,13.2246974486086,265.130376125926,0.610913085937498
2007-11-27,99413.565504375,0.684209502410889,0.529095876464844,-1.48663363037109,-4.21878463378905,-5.29755037353515,20.0118504965669,221.911020672478,0.00347351074218752
2007-11-28,100854.70460625,0.643154781417846,1.64185216796875,0.518670006103515,-6.36838323730468,-7.76728405517577,8.44596419738992,287.393596970752,0.424067382812499
2007-11-29,99610.95737,0.641646873092651,5.17079605590819,5.66496384887695,4.05493174072267,1.75429870117189,19.2466421140685,233.607736199678,0.0731481933593753
2007-11-30,98881.20424125,0.066309210510254,5.95977389404296,2.43498168701172,3.51828326660158,-1.79609205566405,19.9619930918945,219.678805754515,0
2008-08-01,101441.690621875,0.356404566574097,0.249091358642577,1.95453040771484,21.3904914868164,13.270346953125,92.8845156898241,357.351580930718,8.51824264526368
2008-08-02,100664.036879375,0.633066220397949,0.173623171386714,2.89612937377929,16.8156671923828,14.4378076000977,199.692822508102,331.202342468586,11.1888110733032
2008-08-03,100267.040525625,0.860254376678467,-0.324077351074221,1.44985243774414,15.791843100586,11.9683142529297,65.6194160723277,362.045312915561,15.7351270294189
2008-08-04,100511.110890625,0.992943371429443,-3.5779694921875,-3.64170466186523,12.3924158642578,11.2253188500977,180.815389508516,332.727578405777,0.271800155639649
2008-08-05,101219.656334375,0.655292657470703,-0.592219252929687,-1.13662046142578,14.1134506469727,8.78666910644533,206.228080770653,330.051504325533,1.94102920532226
2008-08-06,101256.012520625,0.642420195770264,0.947546068115231,2.33089573242187,16.2326562109375,12.6911492578125,64.679502210585,361.101468507053,4.59657470703125
2008-08-07,100835.253845625,0.941369940109253,0.726373287353515,4.23663533813476,16.2079837866211,14.7507041992188,115.000561119788,362.78852539469,7.50299652099609
2008-08-08,99748.08681,0.689622663269043,1.27711573852539,4.74204220825195,16.2990273901367,14.6117202050781,168.652763863836,346.831396324565,2.99386413574219
2008-08-09,99598.69528375,0.629225695419312,2.57235866577148,2.06898652221679,15.7402975854492,12.1431744433594,177.729252994836,322.769315590717,2.48764938354493
2008-08-10,100025.584075,0.681848253250123,2.13753722534179,-0.170531391601566,14.0487732348633,9.87232491699221,218.430102668132,317.577165486872,0.0913446044921877
2008-08-11,100789.350053125,0.439300509567261,0.255357656250001,1.53109755737305,15.3924833691406,10.6026980541992,122.695604574095,344.255230644338,1.22087646484375
2008-08-12,100937.913388125,0.849470186538697,-3.28380783935546,1.13317239990234,16.3339392504883,12.7892793774414,94.6909514391437,372.819441389733,17.7464506530762
2008-08-13,100239.617193125,0.998190531005859,-4.35582209838867,1.30009184814453,17.2205541308594,15.7870062060547,21.223762603307,379.926509228785,52.2540631103515
2008-08-14,99199.596586875,1,2.9271385961914,-0.836640393066409,13.7205088256836,12.7127650732422,121.409904759995,335.726032816987,6.19921569824219
2008-08-15,100506.728526875,0.794609329910279,3.15443069824218,3.38890552612304,13.547290949707,10.7265201806641,161.511894318164,334.070837192209,5.40816772460937
2008-08-16,100464.33825625,0.875669952316284,0.360137861328123,3.27618799438476,13.6014973583985,11.1665598901367,131.479786370951,330.974801067199,8.63176177978517
2008-08-17,99871.835360625,0.740622692947388,0.806696094970701,0.575223253173826,12.4383496923828,10.5981357543946,164.204805725814,332.154904944395,1.70440368652343
2008-08-18,99868.528640625,0.73404481338501,1.75860703125,2.30085336425781,13.6610517651367,10.3406844750977,195.989785826386,307.443914538963,1.87622131347656
2008-08-19,100028.879965,0.325363159866334,4.09717098510742,3.14213545532226,13.870220131836,8.83851273925783,215.911890339729,309.31842599395,0.203653564453125
2008-08-20,100459.210865,0.57294180809021,1.22110491210937,2.63320323242187,14.519621484375,9.22948453369143,126.139087806433,345.329678740207,20.4305023193359
2008-08-21,99156.224345625,0.917002421646118,-0.31412289306641,3.44038251464844,12.7606406591797,11.2269093579102,173.425189561719,319.433095026178,0.314090270996094
2008-08-22,99521.0648775,0.863777381286621,4.12763604492187,-0.49631189819336,14.0417870092774,7.87896060302736,210.749803860487,297.031029074671,0
2008-08-23,100569.7161125,0.407678875427247,2.01014927856445,-1.3910303491211,13.2979805444336,5.10497822998049,151.932176682818,316.628055657996,1.62828979492187
2008-08-24,100648.90420875,0.964053829956055,-1.36689620605469,0.81510828979492,12.0268633740235,6.82485083740236,34.0946406801637,360.49672880881,26.5103753662109
2008-08-25,99778.4719175,0.998639072036743,-1.50020786987305,-1.08579289428711,11.904998371582,11.3810445654297,70.6629686673669,351.645740991026,3.83504119873048
2008-08-26,100475.21519625,0.933275778808594,1.62312303588867,-2.05474455810547,12.6744004321289,9.34788560058596,154.715314784634,313.060923995109,0
2008-08-27,102070.24573625,0.261957825469971,-0.145407159423827,-3.68622139892578,12.2880456054688,5.12640060546877,219.232512578277,284.998758821142,0
2008-08-28,102531.635777812,0.350445059661866,0.679775595703124,1.87990423217773,12.773151147461,7.9864467480469,157.914558932574,330.96791881777,0.00347351074218752
2008-08-29,102007.79024625,0.65628202156067,0.739005198974609,2.37631873046875,14.5057562451172,12.2744799829102,172.692978619458,325.00807807119,0.05462646484375
2008-08-30,101289.771922188,0.252092988128662,4.3297340637207,2.28580028076172,14.7163600830078,9.16094428222658,179.64768266029,285.712170125577,0
2008-08-31,101478.4308125,0.668236414794922,3.93260314819336,1.53641052124023,12.8895203735352,6.17460046875002,209.457366508018,271.626508950398,0.0125094604492187
2008-09-01,101330.30952375,0.0905913714599612,4.1439797668457,-1.71824767211914,11.8451734887696,2.97194773925783,186.023134756871,277.500888867801,0.0677130126953125
2008-09-02,102047.306668125,0.251178766555786,0.900763562011719,-2.96152325805664,11.3161699121094,3.58133292724611,171.41948526032,285.545440465747,0
2008-09-03,102502.548971875,0.415812558746337,-0.0126385583496081,-1.80051361572266,10.8335060839844,4.81235425292971,197.379245248407,281.339598035093,0
2008-09-04,102217.509147812,0.236542206115723,0.308293338623047,0.942876655273435,12.099259663086,8.30154937011721,179.062997829062,301.611203580967,0.0125094604492187
2008-09-05,102084.233828125,0.734717341918945,0.273179641113283,0.961956217041015,12.4167964916992,9.38674958007814,156.810232210186,318.252453071393,0
2008-09-06,101388.95564,0.487650161743164,0.0729822045898434,1.78941642578125,13.2889404858399,11.0234166918946,80.6113773729333,344.257090784424,8.82098205566405
2008-09-07,100379.432874375,0.975118326644898,-1.71628203857422,0.534592200927733,12.3460550146485,10.4646270043946,103.905598032624,346.080204824169,2.67926940917969
2008-09-08,99341.104389375,0.806516929168701,0.335293905029296,-0.0282750817871102,12.87247875,11.410770847168,132.360748431222,321.987339815972,0.390749816894532
2008-09-09,99888.39482125,0.828544373550415,1.00534478515625,0.878087692871092,13.4113786572266,10.9410390942383,97.0571130951434,342.486338229952,1.63938873291015
2008-09-10,100767.40240125,0.748136109771729,-0.12940936279297,3.04862796264648,13.5811995727539,11.5958693041992,46.1378397594746,344.756349164241,9.57405212402344
2008-09-11,99949.791918125,0.682553043823243,-0.0998014611816438,3.50251798217773,12.2940069995117,11.2340870361328,137.065355486311,292.486148659654,0.678245239257814
2008-09-12,100149.47833375,0.461890449371338,3.85882325317382,1.27594667724609,11.4446114697266,6.20714007568361,27.7333842526601,332.822875912973,5.03508575439453
2008-09-13,99324.65021125,0.800875050888062,0.890580261230465,3.02543182983398,11.0254638769531,9.85286278076174,143.39845950891,302.160261995106,0.393729858398438
2008-09-14,99027.21132,0.483168444213868,4.6842241040039,3.98101840576172,12.6880646337891,8.06458077880861,128.087450024313,287.329889970954,1.58826568603516
2008-09-15,100550.49934875,0.333976742858887,2.65921980224609,-1.95804713134766,9.72970328857424,2.44018367431642,162.42260546426,261.180619886612,0
2008-09-16,101569.87862875,0.508925599365234,1.96023427246094,0.015780178222654,8.88661644775392,2.8776433129883,55.3473132584797,319.660367005437,11.1205380249023
2008-09-17,101022.742195,0.99897074180603,-3.6123469140625,-0.168027326660155,7.96836140380861,5.9771842504883,15.222528330557,335.949207968059,17.8350845336914
2008-09-18,100075.368254375,0.719535268478393,-0.69714045654297,3.6670994165039,9.83872497314455,8.76831593994142,108.29992371545,311.848638792203,0.544315490722654
2008-09-19,100095.580278437,0.786052082748413,2.77859099243164,4.42793764892578,12.4251771655274,9.19081708251955,67.4958629377441,354.704445929176,2.99203857421875
2008-09-20,99979.1873334375,0.664246850357056,0.623286892089842,4.88846696533203,15.1049682373047,13.313267866211,132.119892338226,308.954626181267,0.334500732421875
2008-09-21,100994.172885,0.521175319137573,5.36214098999023,4.80795481445312,12.6432374731446,7.29888173339845,119.11072524338,269.657311658371,0.0350872802734376
2008-09-22,101665.796419375,0.365300098724365,1.74543777099609,-0.683888421630858,9.00487764648439,3.93398615234377,143.092696060983,252.164478467702,0
2008-09-23,102437.72477875,0.140549564208984,-0.5277269152832,-0.828700966796872,7.41023238769533,1.2676798364258,138.460268180487,258.347637654192,0.00146759033203125
2008-09-24,102814.470836875,0.385351255722045,-1.35894772705078,-0.166174074707029,7.85784184082033,2.90863070068361,51.7173800769573,309.662556006149,6.6362612915039
2008-09-25,102485.44143125,0.997559093704224,-3.77800902832031,-0.0450977734375011,8.20133014160158,5.77445586914064,31.7578720804843,346.724027997544,9.34649291992188
2008-09-26,101498.20533875,0.964399822692871,-2.23811917602539,3.13765540283203,9.89420982421877,9.10339609130861,30.2882541089012,336.949666045528,20.4298593139649
2008-09-27,99951.401571875,0.858578552932739,-1.43407278198242,4.34706310913086,9.73627577880861,8.96729385253908,89.1283834416128,309.362873978304,1.20304595947265
2008-09-28,100226.272844375,0.739191274566651,0.749793913574217,3.0960534790039,9.80234413085939,7.42959379394533,16.0896483808862,340.354955039458,26.2437985229492
2008-09-29,99752.042233125,0.713029513549805,0.0783689843749984,3.4065279699707,10.3300290844727,9.54347470214845,92.6257508623909,301.64950946378,2.29067504882812
2008-09-30,100567.8248375,0.320430945663452,3.70624468749999,3.81876091186523,10.6524628100586,7.63501953369142,115.773847247591,280.843568105992,0
2008-10-01,101092.77217,0.513918833618163,5.09614253784179,3.66941609741211,11.0162715258789,5.86544877441408,116.549438796805,272.822018574023,0
2008-10-02,101772.499255625,0.63728381477356,3.70771256958008,0.464716060791016,9.7227626098633,4.44527020996095,101.541181442677,282.567564417664,1.65633056640625
2008-10-03,102264.002970625,0.273339017333984,1.20062646484375,-2.17659485229492,8.30172252441408,3.12213403320314,113.984004440579,252.411955476886,0
2008-10-04,103101.101473125,0.172259081726074,1.43336459594726,0.291355942382812,7.20756376464845,2.39495214843752,60.9815451122664,290.677816022113,0.0250189208984374
2008-10-05,102588.86649,0.80365502784729,2.50187756958007,1.97721055297851,7.90984035644533,5.5250887426758,92.5290490297633,283.087293538423,0.0125094604492187
2008-10-06,102473.529435937,0.727494545440674,0.50605647705078,0.905387382812499,7.51874103027345,5.91745179931642,61.8174023587852,310.69186622161,0.0264865112304687
2008-10-07,101956.28592,0.966071897277832,1.86299511474609,3.1045695336914,8.70808625488283,6.61406692871096,93.4425510489512,286.400476609219,0.0125094604492187
2008-10-08,101306.3464675,0.387382771835327,2.85937266601562,1.80307360717773,9.23830410400392,6.49048214843752,93.6075804427127,270.088737876879,0
2008-10-09,101554.63898625,0.751583094940185,2.732143203125,0.749819660644531,8.1538327661133,4.08286352539064,42.7061503007631,312.581815897088,7.3478402709961
2008-10-10,100482.24949,0.999871778030395,-0.817437940673831,5.73039871948242,8.84039520019533,7.00198943115236,74.1266773148078,292.840359142379,7.02837768554687
2008-10-11,98643.492054375,0.436881297683716,3.20730495971679,3.69507743286133,7.98432722900392,4.83027670898439,92.6624702568731,242.208310120423,0.0500378417968748
2008-10-12,98872.322758125,0.149111627807617,1.38340377563476,1.88160352050781,4.85088471191408,1.28149202148439,70.1130289498348,253.472986925625,0.815260620117185
2008-10-13,99090.252828125,0.859047645263672,-2.03199955688476,-2.35871974975586,3.41093376708986,-0.0145303173827956,80.8188506036064,234.643252042583,0
2008-10-14,100357.106220625,0.347385074615478,0.819386947021486,-3.63212090209961,2.27160876220705,-4.39053378662108,80.8299003182354,224.666041450859,0.0750567626953122
2008-10-15,100718.3285475,0.621345569152832,-0.0946746350097652,-1.37086707519531,0.940801389160173,-3.88412643554686,30.4679719715664,275.387478056166,2.94430480957031
2008-10-16,102255.4518625,0.911537347946167,-2.27096568725586,-5.51106189941406,1.71659960937502,-3.65719589843749,59.9582710428293,282.784427630217,0.141218872070312
2008-10-17,102980.445584375,0.89783563041687,-1.58117043457031,-4.6021771887207,4.12855211669924,0.159563496093768,19.9283651333612,314.965984776379,1.84564208984375
2008-10-18,102208.162206875,0.994910062713623,-2.25079496948242,-4.0794991430664,3.91933856933596,0.954661064453142,38.4920291174676,310.676139293812,0.3555859375
2008-10-19,101846.81380125,0.934136816177368,-2.19736974853515,-4.49079143554687,5.10057583496095,2.30312062255861,49.2033362804195,301.049755719338,0.59743408203125
2008-10-20,101455.375245,0.797695638580322,-2.60655271728515,-2.81239555419922,5.4315132348633,1.61894851318361,27.5317637014083,310.799789146584,1.07494567871094
2008-10-21,100767.901613125,0.977233636398315,-1.42248028442383,-3.68952773803711,3.67828412841799,1.00181373535158,33.5860854813975,294.249638646313,0.216019897460938
2008-10-22,101026.836811875,0.807869717941285,-1.14030298950195,-0.981553996582029,2.95548470458986,0.793860368652363,36.1291335936516,301.09204311186,0.709133911132813
2008-10-23,101478.46198625,0.835370214233399,-0.778758425292967,0.158760876464845,3.55992310546877,1.74434824707033,54.8661002723111,285.626134718824,0.482155151367187
2008-10-24,101881.543263125,0.877899681625366,0.0449425109863275,0.514881104736328,4.50618001953127,2.91149486572267,7.96500721113128,334.373760818913,10.6938000488281
2008-10-25,101071.002994375,1,-0.936847375488282,1.48405259277343,5.93086016601564,5.44689979248048,14.5440128953205,326.628530952643,2.40232299804687
2008-10-26,100080.329054375,0.544688863067627,4.59442019531249,3.39395646728515,9.69674585937501,6.92932503906252,37.5549819806417,283.311064955951,5.60686157226562
2008-10-27,101009.823176875,0.942304457473755,0.19420114868164,0.743948768310546,5.67540891113283,3.46875182617189,26.0980947542082,302.225504520289,4.16512145996094
2008-10-28,99135.3742675,0.827340980987549,1.86061978393554,-1.36047094726563,3.73864601318361,1.85965465820314,30.2841749399666,265.777565705523,1.22189575195313
2008-10-29,99379.518304375,0.883271187286377,1.24980742553711,-1.2594527734375,1.21171888916017,-1.20090263183592,43.5988781643006,249.401579529132,0.21531494140625
2008-10-30,100387.8012975,0.533534441070557,0.451526666259767,-1.62467411010742,-0.502795595703107,-2.15092107910154,51.4538807919313,239.813705926287,0.0535113525390623
2008-10-31,101592.070274375,0.666938459777832,-0.394119770507811,1.06188585205078,0.152927658691423,-2.43370778808592,10.418392303095,318.89169598712,21.7003063964844
2008-11-01,99975.97083625,0.999419568023682,-1.65823825317383,4.99146150634765,3.98390999023439,3.05445168457033,17.4177180763685,321.302737271767,5.8591259765625
2008-11-02,99261.546848125,1,-2.23803532348633,-1.35002165405274,3.86286514160158,3.15340701904299,5.55525114084721,321.897776825276,17.4401129150391
2008-11-03,98889.6782375,1,-1.72358715454101,-4.08332604003906,2.50470233154299,1.82485123046877,29.0935212553732,280.835644434707,1.75689575195313
2008-11-04,99671.5966275,0.682335205688477,0.516924177246095,-4.71596665649414,0.530411970214861,-3.43598187988279,46.8709135162474,218.029958690465,0.322198486328125
2008-11-05,100928.2429625,0.434583215789795,-0.532749880371091,-0.0116876611328132,-2.95246580078124,-5.93672814941405,36.8591628477923,237.210858131378,0.766160888671875
2008-11-06,101754.05650625,0.31974839263916,-1.20033200683593,-2.8069771875,-4.00420971923827,-6.65006916503905,43.6611449275679,204.743880048647,0
2008-11-07,103392.925526875,0.567054733047486,0.121322806396486,-1.31274849609375,-5.06839811767577,-7.65342657226561,28.0933770148315,260.217268522008,0.0284924316406249
2008-11-08,103635.807881875,0.713083215637207,0.903706136474609,-0.184686936035157,-1.78737889892577,-3.12234656494139,33.3459793733223,257.926204913648,0
2008-11-09,103368.212945625,0.708086081237793,0.548086281738284,-1.2941109387207,-1.95219566162108,-3.00201171386717,29.7824530424988,263.377945809449,0.0779919433593747
2008-11-10,103237.42952,0.463206533813476,-0.011238746337889,-1.45778127197266,-2.01496905273436,-2.96532610839842,21.4511768047387,276.706755576965,0.160572509765625
2008-11-11,102506.278559375,0.867340392608642,0.604549909667969,-0.388040267333984,-2.1278013330078,-2.77216380615233,33.3496354312946,249.378547122424,0.0279541015624999
2008-11-12,101498.678053125,0.197257523117065,1.26339080932617,-1.52103969970703,-0.465320644531236,-2.50365888183592,26.572343120606,235.994275448504,0
2008-11-13,102305.23680625,0.709949452362061,0.550281032714845,-1.31650588989258,-2.95975242431639,-4.63373099121092,29.2255716977803,252.368067610853,0.0796453857421874
2008-11-14,102677.337145,0.726293259353638,0.671589493408202,0.420952977294921,-2.55040041259764,-3.78702898681639,16.4212374789816,283.903663976986,0.154562377929687
2008-11-15,101978.313540625,0.69392246673584,3.26988545776367,0.976044112548826,3.14039818359376,1.35647929443361,28.3961623304733,250.010512292565,0.0250189208984374
2008-11-16,102185.09759,0.359105338363647,1.09867137329102,-0.568665589599611,0.1462904248047,-0.945964316406237,17.8118062339457,281.448586915248,0.2515869140625
2008-11-17,101738.982695625,0.965645648269653,2.16477171630859,1.54481430541992,0.343544020996101,-0.64885102294921,13.2823448357241,294.721396228402,2.98256713867187
2008-11-18,100643.20517875,0.71652701461792,2.00804849121093,-1.08386678100586,1.54022251220704,-0.758961577148424,29.0503539816792,213.412073027072,0
2008-11-19,102506.338964375,0.328682360916138,1.75348051879883,-0.18552921508789,-2.42624534912108,-6.99724342041014,13.2957250976809,274.986982315659,0.191539306640626
2008-11-20,102223.37920875,0.860579086227417,2.37409460327148,0.663640405273434,0.37393991455079,-1.2013466821289,19.8113210264126,271.386094220209,0.279541015625
2008-11-21,102276.314559375,0.751369795379638,0.984202783203124,0.822219510498044,-0.192468999023427,-1.14500989501952,14.5208003405283,285.153270648236,0.125377197265625
2008-11-22,102694.63901375,0.949506587142944,0.207477935791016,-0.198273707275393,-0.672063991699207,-1.45121529052733,11.0283092439597,296.424355984516,0.22491455078125
2008-11-23,103043.77536,0.964883961029052,-0.00977657714843654,0.257569301757809,-0.914786691894522,-1.79599193359374,10.0103094837772,297.444966943779,0.433321533203126
2008-11-24,102877.294798125,0.905543359680176,-0.536156273193358,0.267201928710934,-0.964352854003894,-1.95030769042968,10.6988999376896,298.980269514464,0.500316162109375
2008-11-25,102811.78245375,0.977610444488525,0.315443292236329,0.616259497070311,-0.623245300292954,-1.39612796142577,16.6565070850556,254.442368510329,0.10007568359375
2008-11-26,103724.3834775,0.986079581298828,-0.210302205810543,-2.1605298059082,-3.11725644775389,-4.91819925537108,21.074602833589,221.16129080305,0
2008-11-27,104552.513204375,0.688597583618164,-1.05881533203125,-1.22243142700195,-5.57570804199218,-7.43549166015624,8.52609406548051,277.00378279093,0.77484619140625
2008-11-28,103732.2119225,0.929669727935791,0.248208876953126,1.40341308471679,-2.8446087524414,-3.79463843261718,12.7076610676425,264.382851648314,0.05462646484375
2008-11-29,102790.2612525,0.793701401672363,0.408295581054689,-1.42278864257813,-5.06313181640624,-6.89048506835937,18.0246009442271,229.796482548647,0
2008-11-30,102400.25285375,0.226858365478515,-0.11010583251953,-1.16022889404297,-7.22382310058593,-9.78777380371093,6.28556768377569,288.697788511676,0.591497192382812
2009-08-01,101593.1701275,0.945343198852539,1.16759568115234,1.4409895690918,15.0351926098633,10.8160784594727,175.082338311736,334.446458304435,0.00021709442138672
2009-08-02,101459.027224375,0.912823548126221,-1.94416057006836,0.121893409423829,15.6539793310547,10.026591772461,105.240954599615,354.566469414781,5.08242378234864
2009-08-03,101789.799051875,0.9775869556427,-2.57453392211914,-0.922275751953125,15.7571842797852,12.5749296166992,263.23729448118,330.762587304862,0.0217301177978517
2009-08-04,102142.8405225,0.468375545578004,-1.29501497924805,0.484106165771485,18.1397833886719,12.7332382446289,238.244769234108,333.218804781014,0.14431381225586
2009-08-05,102328.101043125,0.617131003112793,-1.01108504760742,1.25408948974609,18.3611529077149,13.6619584521485,239.337392019875,333.737559028042,0.0281355285644531
2009-08-06,102447.9538875,0.409476895675659,-0.564617282714843,0.34368834716797,18.660528828125,13.8862718945313,201.222551510378,341.954654505993,0.0866458892822268
2009-08-07,102377.260111875,0.896129575042725,-1.68434634887695,0.685445808105469,19.0458294091797,13.9904429394531,234.321646940973,337.260375447269,0.0939915466308597
2009-08-08,102064.30821375,0.37480273979187,-1.29125834594726,1.00307868408203,19.1424898779297,14.0512727978516,224.461077019303,352.640367485362,0.85099479675293
2009-08-09,101386.7956075,0.586977925262451,-1.76123979980469,1.80016480102539,19.1461592382813,13.5885309960938,114.651490072291,359.223135360819,8.30026016235352
2009-08-10,100693.23197375,0.746212313995362,-1.2325564855957,4.07628899414062,14.9268994604492,12.9555903588867,154.060589326209,339.802485663557,5.96977035522462
2009-08-11,100681.42043875,0.53897797492981,-0.270665830078127,3.12414637451172,14.6605246264649,12.4781904492188,212.660072343628,323.004491339416,0.307325744628906
2009-08-12,101260.974338125,0.430844032974243,-0.0769844396972665,-0.851693060302735,16.2216640087891,11.8026175561524,185.85063253611,331.035094379309,1.59972106933594
2009-08-13,101349.3848475,0.420140677261353,0.0141464916992151,1.6765844934082,16.0996663305664,12.4464847753906,159.889730029906,336.365520117814,1.8391291809082
2009-08-14,101192.063618125,0.745238433761597,0.137271724853514,3.6381200012207,15.1458301123047,11.0675320947266,66.9224781321683,345.668576398692,5.37212020874023
2009-08-15,99978.637904375,0.771591692886352,3.2311038696289,4.84781818237304,13.8451763574219,11.3188454858399,216.806125521254,310.596807647663,0.14372802734375
2009-08-16,100473.15217625,0.352708578567505,4.16269534790039,-0.274442550048829,15.1906282397461,7.88469369873049,222.292506997454,299.066371291563,0
2009-08-17,101258.120601875,0.429614741210938,1.7287528894043,0.537328228759764,14.9498323901367,8.96761421630861,178.009027237097,321.605568098504,0.156660461425781
2009-08-18,101447.03965,0.570218627243042,0.0236859741210927,1.11762836425781,14.6538499267578,10.5573536865235,180.803390460888,325.185382779149,0.0897676086425778
2009-08-19,101510.907225625,0.542172314300537,-0.991245147705077,-0.0136059741210917,15.8419307177735,10.9430087475586,139.127049812446,344.060475986966,0.0574435424804687
2009-08-20,101588.78556375,0.872689739837647,-0.97677466064453,0.282150407714844,16.1462958764649,11.2813193994141,147.68232976395,342.967548845751,1.78747772216797
2009-08-21,101753.767155625,0.62990736114502,-1.42210494995117,-0.547846614990233,15.0383464453125,11.6013569677735,151.25388311417,334.371650241878,0.0377752685546875
2009-08-22,102103.059968125,0.51261498161316,-0.224116174316405,-0.778714744873045,15.5472233862305,11.203209038086,167.541795840082,339.753936465831,0.258256378173829
2009-08-23,102060.770449375,0.964735229797363,0.686128100585937,-0.622807440185547,16.1802858056641,12.5798493237305,107.198352310611,361.196359732911,0.0610032653808595
2009-08-24,101934.21465625,0.984521207427979,-0.692389597167969,-0.367397360839844,16.1644584545899,12.5787231542969,112.341951803767,355.343447778322,1.04137512207031
2009-08-25,101481.9582175,0.943548290634155,0.184120538330078,0.877753344726562,15.8671156469727,13.1864855200196,67.3554631056834,357.556384480849,7.07918823242188
2009-08-26,101199.811415,0.912540967025757,0.0724835974121097,-3.1431941027832,13.0364229785156,10.9275834960938,181.610718413745,316.328371259781,0.0374645996093751
2009-08-27,101224.69787875,0.701827765960694,0.042309221191406,-1.41050724243164,13.3278769458008,6.94867017578127,134.111503370512,324.89869049488,0.961869201660155
2009-08-28,100497.803728125,0.963322543487549,-1.07796945068359,-0.885765688476564,13.0755902441406,7.34124537841799,105.638895674355,318.323148631694,4.35830963134764
2009-08-29,100354.78223875,0.672373112335205,-1.55305372314453,-3.05364759399414,11.6391176220703,6.83944863037111,169.521568298757,290.898247588966,0
2009-08-30,101300.978410625,0.431880532531739,-0.133204147949217,0.0382896569824218,11.7751952636719,5.54574039062502,198.548556125698,297.828443193981,0
2009-08-31,102140.1404025,0.473922194519043,0.613331760253907,0.312556206054686,13.6038793994141,9.02514529052736,179.518197905868,311.661865287577,0
2009-09-01,102632.177051875,0.496685637969971,0.603825749511719,0.60871264038086,14.1329771826172,8.84838003662111,175.663798788543,331.803735768007,0.262698669433593
2009-09-02,101987.901931875,0.795834799880982,2.04258124389648,4.10423182128906,15.5882234960938,13.0474793652344,198.265875336313,315.750164648495,0.616041870117187
2009-09-03,101606.793087188,0.51980440826416,2.7039326550293,0.107539796142577,14.8997185473633,7.51574883544924,180.571628053579,310.365593862384,0.439896545410155
2009-09-04,101017.0329225,0.531851916885376,2.80308247924804,2.21771294921875,13.6838578955078,7.22194640380861,35.6962007682662,337.331678592541,7.32523681640625
2009-09-05,99904.389205625,0.505681027908325,2.76880837646484,3.53857254760742,12.4918755419922,8.68919738769533,186.106268357237,282.418302247982,0.0750567626953122
2009-09-06,101352.269501875,0.471873730392456,3.93234923217773,1.9131877758789,12.0991720776367,5.27558104492189,107.088604201094,307.548208246696,0.943695983886718
2009-09-07,102037.253585,0.998405043792725,-0.147033787841797,1.60173899291992,11.4800143188477,7.99907162597658,70.0419034045005,362.124008295267,0.968482971191408
2009-09-08,101421.28772,0.99909170135498,-0.0464099414062506,3.58183476318359,15.4096764746094,13.5101174316406,88.69428249812,369.178326226961,0.134907531738282
2009-09-09,100544.465568125,0.962931531066895,-0.601858312988281,3.41775163940429,17.5742416528321,16.020104921875,76.755686878285,361.400969320147,1.43696563720703
2009-09-10,100126.16769625,0.740258301849365,2.58408443969726,4.61337157958984,15.120001484375,12.3932279321289,157.907722786832,289.535975831449,0.10007568359375
2009-09-11,100939.12268625,0.295357844543457,4.95661456909179,3.93855907104492,12.33374125,5.49199919189455,47.1298033806738,309.042693468785,7.17495391845702
2009-09-12,101173.9584425,0.635642024002075,2.04065948120117,0.551135305175782,10.0426041601563,7.4613616333008,117.759332770923,310.967159991373,10.6098236083984
2009-09-13,101253.531735625,0.952835725250244,0.790249700927731,1.67090114868164,11.0091654125977,7.39804180175783,70.6788899654664,326.778110277768,9.2543746948242
2009-09-14,100732.86529625,0.559224518356323,1.34428306518554,-1.21366262817383,10.0922633813477,7.19202683349611,116.921754162047,296.857193046972,0.274839172363282
2009-09-15,101202.173634375,0.813305862121582,0.199369071044923,0.668343475341798,10.1730914038086,6.55051869873049,161.974878688526,275.717466680751,0.0125094604492187
2009-09-16,101137.04452125,0.412586957931518,0.894197684326172,-0.315955729980467,10.1129129589844,5.0904089770508,129.575571811605,314.421533649507,0.736857910156252
2009-09-17,100168.05280875,0.870479863891602,3.40243674438476,2.50942784301757,12.7289463647461,9.46047887939455,88.9190314560455,296.334968401165,2.35944091796875
2009-09-18,99970.82975125,0.414127789535522,-0.127707564697264,-3.19466591674804,8.4099855395508,3.4349872192383,155.660938629553,254.441477251383,0.0490640258789063
2009-09-19,100243.7349825,0.129979055252075,0.714169893798828,-0.99788286743164,8.63536798339846,2.41060098876955,80.4045958160908,313.410348227667,11.6777853393555
2009-09-20,100209.26411125,0.966255899505615,-0.741076871337894,4.27007772460937,9.57507611328127,7.20084534912111,76.7610192615932,334.721860014901,3.73735687255859
2009-09-21,99918.497851875,0.883756156997681,2.65541842163085,4.38629094970703,11.9376348901367,9.37831663574221,130.236384853073,284.174452148335,0.211456604003906
2009-09-22,100600.379524375,0.577453508453369,2.32635884521484,3.17910376342773,10.2846417700195,6.24575836181642,86.0631642539036,314.807424121081,7.84981323242187
2009-09-23,100611.018098125,0.835989365234376,-1.4877985144043,2.08611725097656,9.90239215332033,7.58153289794924,83.0974135941445,313.586692343371,4.32192016601562
2009-09-24,100925.395279375,0.776274929428101,1.45987217773437,1.13504189575195,9.93437238281252,7.51571144042971,91.7567167386614,305.15812476208,7.19122650146483
2009-09-25,101239.45835375,0.981811536178589,0.433929499511717,-1.11318377075196,8.39757276123049,6.11466791748049,134.893403895283,266.74860749705,1.50759124755859
2009-09-26,102073.925365,0.295689243316651,1.43514667358398,-2.12337007446289,6.9433316723633,1.07568570800783,42.2775829849522,290.180748582266,7.20291259765625
2009-09-27,100925.43265125,0.553453556671143,1.25011102539062,-0.432891196289063,6.40578695556642,3.89966181152345,125.491313693709,254.77034137266,0
2009-09-28,102056.454525625,0.794513459854126,0.633665081787109,0.453428591308593,6.31625118896486,2.10647289306643,44.4959914485166,342.920858254778,0.452661743164062
2009-09-29,102211.262886875,0.984932291641235,1.6723446508789,4.04858473144531,11.1085606298828,9.34176987304689,52.8301896408037,358.701435100013,0.461620483398437
2009-09-30,101841.551670625,0.846762332611084,2.41741056640625,5.66290899902343,13.9386523242188,12.3739851123047,83.0963184834189,331.319758693922,1.13696472167968
2009-10-01,101601.00371875,0.623419849319458,3.37340335571289,4.266985625,12.9027346337891,10.3707824316406,92.6594041838783,308.804239508277,0.438715820312499
2009-10-02,101762.226144375,0.717886313171386,2.81413374755859,3.47284973876953,11.7958950292969,9.34839190429689,57.61508087504,319.567887512064,3.25558349609375
2009-10-03,100761.296395,0.415434997329712,4.26984419921875,2.46992899291992,10.7257931201172,6.04195854492189,115.902645068921,246.08763509564,0
2009-10-04,101532.583695625,0.00129286239624024,4.21830279052734,-1.00739064697265,6.96883667480471,-0.952813586425763,112.000686383152,251.364793534376,0
2009-10-05,102163.983673125,0.398567294769287,1.11990086181641,-1.14727211669922,5.7433608911133,-0.250000415039042,87.1321727072422,291.014344022174,2.34926025390624
2009-10-06,102161.438381875,0.972915632629395,0.374906573486327,2.44690604003906,6.91744053466799,3.45748180175783,28.4526159994905,346.365648034805,0.224004516601562
2009-10-07,101965.03636625,0.998305142822266,1.29031202148437,2.36270843383789,10.067449609375,9.41247545410158,35.1535928407458,354.249108370937,0.2974853515625
2009-10-08,102300.010261875,0.943870584106446,0.438865827636718,1.1848503149414,10.6681403588867,10.3027219824219,55.1549309854574,349.257313979901,0.307200927734375
2009-10-09,102360.6241875,0.853157932128907,0.840083408203124,1.81467666748047,11.5911821728516,11.1482190478516,41.4410044349835,350.484264659125,0.404058837890624
2009-10-10,102455.335603125,0.968526718292236,2.02625729980468,2.91341692016601,11.532226887207,10.9130223754883,32.387145696017,356.086353353856,0.889072265625
2009-10-11,101905.14818625,0.762819948806763,3.06992812011718,3.89551837768554,11.9825698364258,10.85464875,93.9600159927294,267.906008689644,0
2009-10-12,102078.188718125,0.255485352401733,2.04183265258789,-1.12117092163086,8.49226804931642,4.53861360595705,55.9253819142586,300.577025337591,0.0486291503906253
2009-10-13,102175.7264925,0.862479363937378,1.80949340454101,0.84608869506836,8.7716442529297,6.35308340087892,88.6215837385249,278.435916449782,0
2009-10-14,101556.256261875,0.145788336105347,3.16797686523437,-0.0046999890136703,10.4908129418945,6.17447785400392,82.89675730922,266.660189868913,0
2009-10-15,102367.069530625,0.502934534988403,-0.75572670776367,-0.194515638427735,7.4486076879883,3.59048440917971,22.5677931820599,314.953802025111,2.4592724609375
2009-10-16,101495.683739375,0.63940586845398,2.43799625488281,1.30686783935547,8.02840991210939,6.82784762451174,72.0183125458414,265.167333979584,0
2009-10-17,101347.2901775,0.561180051879883,0.454423331298827,0.913198625488281,6.1212990161133,4.46020452148439,78.2080215374334,268.164678583778,0.409916992187501
2009-10-18,101102.76210125,0.29064918800354,2.42805460205078,-0.108381607666016,7.85791578613283,4.69823425781252,32.5845661894879,306.824682279155,1.75806091308594
2009-10-19,101197.372335,0.994923185729981,2.09678582763671,2.5532461743164,7.7967235473633,6.57902365234377,29.3988497404901,353.340447120415,1.31734008789062
2009-10-20,100326.306401875,0.996887904815674,2.97275928222656,5.87896631713867,11.6020922338867,10.3673106665039,19.5098055177312,353.387609888999,13.3138439941406
2009-10-21,99089.786798125,0.954086646118164,0.637151735839841,6.86583972045898,10.8661205957031,9.52222922607424,44.1211367063915,323.705340989013,23.9864916992187
2009-10-22,98049.097280625,0.832433239135743,1.55856606445312,7.26809181396484,9.19418681152345,7.25872036132814,47.36679316392,287.303015669303,4.95756896972655
2009-10-23,98704.864665,0.562220295333862,3.5985272290039,5.21393333251953,8.43563911865236,5.43691751220705,22.6367029059518,314.342198329285,7.37554443359375
2009-10-24,99557.4723475,0.99719478843689,-1.18832708129883,5.92142634521484,8.77136474121095,7.5464693676758,16.2889670662816,327.047873027256,23.5498077392578
2009-10-25,98371.89495875,0.967793300857544,1.53388814819335,6.55070450927734,8.85259250488283,7.77312591064455,43.9298576033513,302.156112426196,14.6887713623047
2009-10-26,98798.32736,0.89640914024353,1.52179976318359,3.23325440917968,7.21806228515627,5.09235958984377,56.7829493753577,266.911337158287,1.32849548339844
2009-10-27,100004.997915,0.255075141220093,3.12961530395508,-0.0986697558593744,5.29187481445314,1.11433919921877,61.3716434638406,220.921166680166,0.00347351074218752
2009-10-28,102335.86447,0.0282858831024171,1.57557826660156,-2.59010223510742,1.84143317138674,-4.16275343505857,58.1757330036162,228.179647799254,0
2009-10-29,102956.17605,0.163126991119385,-0.351427807617186,0.634292480468751,1.34040631347658,-1.33023556396483,34.7571039729025,281.05869810434,0.163507690429687
2009-10-30,103205.83146625,0.882313333969116,0.0865317932128894,1.15550501220703,3.08314051757814,1.58008416748049,14.4935619501162,320.357277456421,1.18332702636719
2009-10-31,103101.17238,0.985503402709961,-1.12593225585937,1.01370711914062,3.7435364379883,2.37275273925783,20.297121625781,308.679477478119,4.40538208007812
2009-11-01,102026.297296875,0.984245872802734,-3.64227955688476,-1.88790239501953,2.7268645629883,1.41052006347658,16.0199813239275,315.183850181172,6.11401428222657
2009-11-02,101537.486306875,0.980046667633057,-3.0340285559082,0.565123897705075,3.74512912109377,3.0368406933594,19.7149285270094,310.995925847914,1.94510131835937
2009-11-03,102002.190775,0.976827341384888,-2.45541462524414,-1.17939471801758,4.26932835693361,3.45504676757814,11.748272012755,325.498226876436,9.80302978515625
2009-11-04,101842.873659375,0.999375555725098,-3.02049092895508,0.270859724121091,4.6727061254883,3.88175821289064,24.046264957934,312.951600181739,1.11843566894531
2009-11-05,102749.46644375,0.955249409942627,-1.14073251098633,-0.059500911865234,4.14946796630861,2.48200912597658,18.2028527333343,296.695778466753,6.62986572265625
2009-11-06,101749.598760625,0.58418660774231,1.84519482788086,1.24146871459961,3.90368708740235,2.67985459472658,25.5678677408481,279.119340446254,0
2009-11-07,101828.24162875,0.948255800552368,2.46402462646484,1.89452161865234,4.34966948486329,3.17817650146486,14.7541508954259,323.835762513475,3.99853088378906
2009-11-08,101101.5604375,0.999956706085205,0.586630288085936,2.95898625,6.11620232177736,5.27643876220705,4.85072421847039,339.716266553165,7.67695556640625
2009-11-09,100106.07053,1,0.257744521484373,3.74277278442382,6.75370204589845,5.89785367431642,29.0812484300636,302.840798407409,2.48730529785156
2009-11-10,98722.9924075,0.683813641204835,3.21321045166015,2.57752016601562,6.16829105712892,4.93466509765627,29.7838487160815,271.506633200002,0
2009-11-11,99256.351219375,0.451631787872315,3.64068156249999,0.770636192626951,4.79393405029298,2.45197899902345,25.9659457044283,288.294527023994,0.528104248046875
2009-11-12,99603.3607003125,0.815856433563232,3.48182326171874,2.49496301757812,6.51474361328126,4.67240497070314,33.0160922005537,263.574768969797,0.0529730224609373
2009-11-13,99112.533516875,0.415750759124755,4.81732063720703,2.76709664550781,6.31501895751955,2.3634585888672,23.5808154032538,256.151364175429,0.0250189208984374
2009-11-14,99046.02760375,0.670668844375611,2.46539977294921,1.65062825805664,3.49641204101564,1.7100330786133,18.2898092656886,283.628648014533,7.53068847656249
2009-11-15,98725.858654375,0.891338105163575,2.5259890283203,3.17787380859374,4.19549844482423,2.7246319873047,15.6240272114516,262.240745854188,2.04442138671875
2009-11-16,99035.335475625,0.523948423004151,0.86525671508789,-4.0341712121582,-0.858140085449201,-4.61264469726561,29.323693618797,210.872995757865,0.0592150878906251
2009-11-17,99697.647831875,0.252868788223267,-0.773743377685543,-4.17690190917968,-4.72103414062498,-9.23791526855467,27.7794187253449,207.098896227089,0
2009-11-18,100196.358595625,0.295147573471069,0.958664951171877,-4.03580721557617,-4.07216835693358,-10.3390949047851,26.9114690456781,217.180462811709,0.0250189208984374
2009-11-19,101023.733428125,0.165893796310425,3.3141429699707,-2.26830374267578,-0.586676196289049,-6.42685242187498,27.0790333126214,213.971975170727,0.0500378417968748
2009-11-20,102394.38373625,0.218165320129395,0.874054897460938,0.165166076660154,-2.36719958007811,-5.52710602783202,18.3611782479741,264.614026203978,0.440907592773436
2009-11-21,102451.9565625,0.803967296676636,0.360263789062498,1.8432340661621,-0.585558723144523,-2.26557302246093,5.50443041799536,297.456185428719,5.74098388671875
2009-11-22,101009.1982275,0.794837285614014,0.760651456298824,4.40041809570312,2.87019871826173,1.57558717773439,1.96463053807944,296.323104227564,10.8660565185547
2009-11-23,99254.327541875,0.912653074493408,2.2891089489746,5.56650061645507,4.78927940429689,3.08242061279298,23.0027562289529,238.338173645674,0
2009-11-24,99941.978444375,0.244583056793213,5.30996605957031,3.01223358764648,3.72142130859377,-0.810273430175767,14.5783036091761,280.31854357969,6.91833862304686
2009-11-25,100199.88060375,0.986925440826416,3.04729841308593,5.3561709008789,4.83169220703127,3.17635201171877,14.4745989938282,297.34059483237,10.5082006835938
2009-11-26,98777.28577875,0.800452182006836,0.707550855712885,5.45359217163085,3.74900511962892,2.22371657714845,10.2651640311054,276.479066412668,4.50211914062499
2009-11-27,97437.7772459375,0.444463737869263,3.50700857910155,3.91722009521484,4.19114603027345,1.65356256103517,18.5785923344073,236.117051108991,0
2009-11-28,99148.2658515625,0.449113164749146,3.60101454833984,2.25536044921875,1.56364437988282,-1.39351887939452,10.5458233693503,274.773142746486,1.3992578125
2009-11-29,99927.83348125,0.952005276870728,-1.30071657470703,-0.741161396484377,-0.383313986816394,-1.39314012695311,8.85962971103888,288.111516481007,2.75998291015624
2009-11-30,100192.482954375,0.91093879486084,-0.388262713623045,-1.95325443725586,-1.28923670410155,-2.81175220214842,3.30852007984496,310.332229014869,11.0777239990234
2010-08-01,100972.010179375,0.619644892959595,1.71342379638671,4.10761474243164,15.6659013745117,12.005933737793,168.637072965655,340.414833610973,0.950247611999511
2010-08-02,101100.935935,0.631490046615601,0.769247535400388,2.31928584716797,15.8867960522461,12.541943112793,192.369035100891,335.037554881554,3.72968585968019
2010-08-03,100866.761000625,0.440671703720094,-0.223885845947266,1.84109756591797,15.3133230395508,12.8257434960938,221.597862856784,323.235108354535,0.453002357482911
2010-08-04,100669.918321875,0.379439886322022,1.34983799316406,2.20847025756836,15.4679122216797,11.9065636572266,107.97590889617,359.227697314769,8.96699028015137
2010-08-05,100762.201425,0.955251472702026,-2.71624961303711,2.57221635009765,15.1190641918945,13.3495918261719,165.933746628338,352.943974963677,5.40859588623048
2010-08-06,101077.5812325,0.675016014328004,1.32284569213867,3.52157504882812,15.2688957275391,12.9561086962891,230.755736966545,333.161727645549,0.748329467773436
2010-08-07,101716.033550625,0.627558507461548,1.02483756591797,2.65092744140625,15.8935686230469,11.8837699243164,89.3802944640512,371.042994548376,3.7183236694336
2010-08-08,101575.95077,0.874421587905884,-0.685129050292969,1.69629297363281,16.0724302661133,14.5468254809571,145.995981557544,351.933070904701,0.760009078979492
2010-08-09,101391.0637,0.606683731689453,1.37812802001953,0.354096540527342,16.3951213891602,13.0365161279297,224.388342230091,315.814854403502,0.0243141174316406
2010-08-10,101971.26290875,0.673545601348877,1.68921573242187,0.289066469726561,16.1660451611328,9.64446242431642,159.69773009749,336.656972341148,1.46399139404297
2010-08-11,101744.47645125,0.627136589050293,3.20518385253906,1.64175518432617,15.5815208569336,10.8481926049805,223.372144898903,317.509942873498,0
2010-08-12,101322.55848625,0.467297063598633,3.84938719604492,0.825591053466795,16.4524282299805,9.84975694335939,220.217759520358,321.111022020732,0.173220672607422
2010-08-13,101190.31684125,0.827033706512451,2.24080654541015,2.08314868652344,16.0972561279297,10.1839313525391,110.055545497471,357.643193576218,3.50559783935547
2010-08-14,100642.61542875,0.908694080505371,1.05514147583008,4.13619207519531,15.3226874194336,12.8660840771485,122.552275913436,345.777009427191,3.01942977905273
2010-08-15,99950.805095,0.620916193237305,2.04460208862304,3.3178409375,14.3063321289063,11.2356502734375,228.481116137582,295.617937542449,2.29696365356446
2010-08-16,100125.89203,0.400381755218506,2.23705447631836,0.264988781738279,13.575466640625,8.17495265869143,230.555778281374,290.953533732468,0.142372589111328
2010-08-17,101085.7063725,0.289394475936889,2.54872310546875,1.02700546142578,12.7283535644531,5.87009527587893,87.7116562365972,336.959240086602,3.00191970825195
2010-08-18,101285.6977775,0.820869288711549,1.25466818115234,3.75252660522461,14.1140156396485,12.052837265625,212.082082384118,355.826516052726,0.485561828613281
2010-08-19,101222.74664375,0.362998512954712,-0.499420234374999,3.21712514282226,19.1940457177735,15.2522303173828,154.488612642211,349.796662649309,8.3533807373047
2010-08-20,101111.716818125,0.996560875549316,0.779227086181637,4.01536677368164,16.6174204418946,13.9807234106446,62.5524060704342,352.627771578684,5.66751098632812
2010-08-21,101143.63535125,0.988705994644165,1.01760529907226,1.2463214831543,13.7219709277344,11.7934947778321,119.781343318434,340.997194576353,6.14450592041016
2010-08-22,101375.86520375,0.786434248428345,-0.387155513916014,-1.52473196655274,12.5130504858399,9.23233759033205,119.094781900844,336.841816839046,0.804940185546874
2010-08-23,101812.07082625,0.719857357559204,-0.252240229492188,0.378611607666014,13.0384591650391,9.24703750000002,147.264625140611,332.304576125044,0.702806243896485
2010-08-24,101643.225676875,0.953784203491211,-0.704443508300781,1.41553314575195,13.3443544628906,9.15387816406252,62.9185826526511,349.946012522664,14.5337705993652
2010-08-25,101078.353905,0.93406524093628,-4.14759732177734,0.771783336181638,13.1976136425781,11.5923821459961,83.1745262188527,356.150702012687,22.0737823486328
2010-08-26,100341.18169875,0.988094075241089,-2.60360290649414,3.66862240234375,13.2455723046875,12.1217925366211,30.8193323219616,361.197358606633,29.8761994934082
2010-08-27,99416.796698125,0.998671330490112,-2.26211779907227,0.378123629150389,11.8904432788086,11.4288542993164,63.6517208834752,345.498399036373,5.51619171142579
2010-08-28,99761.860681875,0.960943760299682,0.711266861572264,-2.89421399658203,12.8905824243164,10.7641948095703,168.290185976648,323.734124623326,0.0693762207031252
2010-08-29,101297.71800875,0.391123911437989,1.01629692260742,-1.38238298217773,15.036077800293,11.0118221337891,156.414558749463,324.024584965528,2.19269714355469
2010-08-30,101771.01457875,0.992765542755127,0.982754677734373,3.03607495727539,14.9073240600586,12.2220197802735,77.0846619328561,350.881088460184,5.95061508178712
2010-08-31,100791.69900125,0.688266312179566,1.9045161340332,3.87117363647461,14.3591267016602,12.9959279418946,177.028845300639,301.503999352036,0
2010-09-01,101134.540571875,0.65051019744873,3.69593447387695,1.71555705200195,14.2236885620117,9.6104457373047,162.447858433148,312.065758004666,0.0127882385253906
2010-09-02,101281.55034625,0.7738262184906,-0.159168751220703,0.0856940686035163,13.6989106738281,9.82410159179689,29.917368787601,366.582261481517,16.6943600463867
2010-09-03,100360.25548625,0.973491702041626,-2.27351966064453,0.258038807373042,13.4630346826172,12.6205624780274,97.6567862470213,352.914957966484,10.3691415405273
2010-09-04,99927.83518625,0.807054314727784,1.85279894165039,3.60805788330078,13.451842475586,12.4090051098633,148.381973725082,331.699624871321,0.665924377441409
2010-09-05,100450.0697125,0.52123633140564,1.17945513916015,1.50109231689453,14.1272144555664,11.5272386865235,131.799059977085,322.83036411182,1.74009399414062
2010-09-06,101025.43088375,0.464281011047363,-0.756056007080077,-3.08128615844726,13.0771860131836,8.55661944824221,122.167372463736,322.084923663104,0.141571350097656
2010-09-07,101200.99461,0.871137390975952,-0.286154979248047,1.3702810949707,12.395403881836,9.02013522460939,130.070114333822,333.524300495701,3.26105895996093
2010-09-08,100122.99159375,0.832486542434693,2.33296908447265,4.31632244384765,13.0753216064453,10.1067432958985,138.617996836078,323.036808128041,1.26481658935547
2010-09-09,99281.926703125,0.347765523605347,2.23761231445312,-0.809767962646485,12.92173859375,9.00999309570314,152.086235532293,301.204374924171,0.193276062011719
2010-09-10,100578.36828,0.422192390441895,0.852706918945312,0.340296877441405,12.7758920410156,8.71838894775393,85.1134847067095,317.784158836233,9.64487915039063
2010-09-11,100063.3143,0.424721901931763,2.42422362792969,0.798249681396481,11.3443162573242,8.29684258544924,160.029249032647,271.796040624056,0
2010-09-12,100458.61411875,0.403021498184204,1.19985188598633,-0.616985505371097,10.1345777392578,2.66343082763674,103.953234875115,311.356447202492,11.6608609008789
2010-09-13,100092.81502875,0.894211385192871,-2.47402490356445,3.88829445678711,9.80700713378908,7.22645727050783,84.0332750721286,335.260392803115,19.7381613159179
2010-09-14,99016.345719375,0.800631885910034,0.544811081542962,5.95351524047851,11.1887249316406,9.63903383544924,92.6155108659953,326.896576132365,9.99437713623044
2010-09-15,99653.289410625,0.533535652770996,3.3367422302246,6.92959546264648,11.6792878051758,8.95948918701174,161.995737940443,272.921631931552,0.0410018920898436
2010-09-16,101119.943895937,0.0554217748260498,3.19822260131835,3.64775559082031,10.950602631836,5.6445141723633,109.449435370081,302.59072062877,3.23382843017579
2010-09-17,101417.424941875,0.880180845565796,0.0897241418457035,3.00181994750976,11.0013153930664,8.38577174072267,54.7607738501267,344.80485451013,17.9211975097656
2010-09-18,100778.19450125,0.911116404876709,-1.59756067382813,4.19538504638671,11.629606159668,10.5712185449219,135.580457401588,310.634165738217,0.05462646484375
2010-09-19,101476.78814375,0.698808359909058,0.878968430175781,-0.895848388671875,11.970917421875,8.46298297607424,59.5179765607759,349.356021856267,0.992135009765625
2010-09-20,101654.3733125,0.972487980575562,0.218016138916014,4.85167272216797,13.8010564355469,12.5560033740235,110.570377434769,331.436136252957,0.63724639892578
2010-09-21,101658.582306875,0.512670432052612,2.55105775024414,2.98946225952148,13.2721978076172,10.4881181030274,124.552717046317,274.522814656824,0
2010-09-22,101993.52526375,0.356548548202515,1.53699755126953,0.821226077880859,9.7149475708008,5.47309599609377,143.869124350643,279.688345757075,0.215096435546874
2010-09-23,101359.72742375,0.627784993896485,2.01474070190429,3.6202152722168,10.1769419897461,5.84241550537111,84.0736822875349,304.240899840499,7.65525360107422
2010-09-24,100651.76215625,0.288608875350952,2.59177552490234,0.10955452392578,10.1145744970703,6.19766907470705,109.866225030779,313.980043790097,0.482325744628904
2010-09-25,101526.465458125,0.782096562576294,2.35069819213867,4.18026577392578,11.6815833813477,9.04907833007814,129.370586994871,297.994804498384,0.0750567626953122
2010-09-26,101848.050008125,0.263455999755859,2.21577381713867,0.189893933105468,11.9775051513672,7.47850282470705,123.926283370525,281.41181584671,0.112585144042968
2010-09-27,103000.05783875,0.58966175201416,-2.16899419921875,-1.69038583496094,10.2177994775391,5.54729424316408,64.8500623875848,326.901519775069,0.0183798217773437
2010-09-28,103171.36454875,0.564793811798096,-2.16690535766601,0.631117113037109,10.5643638867188,7.95592129150393,83.5742724485123,322.580958095907,0.00814544677734379
2010-09-29,102728.76463875,0.62069589958191,-1.36775958740234,0.0121062182617183,10.9704110668945,9.50596836425783,45.3390425295403,351.566929996545,0.382770690917969
2010-09-30,102243.61512625,0.910771736679078,-0.0348351696777337,0.934599287109375,12.062450444336,11.0486524365235,57.6349218162041,349.043622321787,0.0889892578124999
2010-10-01,102785.611215625,0.891285979537964,-0.728470607910155,-1.53678826416015,11.7306859033203,10.3403799780274,64.8445681080373,341.83901211707,0.152959594726562
2010-10-02,102829.19269875,0.598781406021119,-1.36825959594726,0.184758558349612,12.2971465332031,10.1731974853516,89.9236457394581,314.20191322311,0.00347351074218752
2010-10-03,102721.738135,0.539162011566163,-1.96506753662109,-0.127450686035155,11.23875703125,9.57440156738283,72.6987875655732,316.60284061502,0.120905151367188
2010-10-04,102353.413528125,0.870490334472656,-1.98104120605468,0.636546528320311,10.5777419750977,8.31267209228518,18.8745251487574,369.164686172503,9.23680236816406
2010-10-05,101520.90953,0.999707582626343,-0.421825168457033,3.87112937988281,13.277943815918,12.9159410400391,71.7677218192345,323.036179031966,0.192371826171875
2010-10-06,101903.3024375,0.436905791168213,2.21699698974609,1.38849071899414,11.386754975586,9.32209771728517,100.578217633492,272.858396161218,0
2010-10-07,102652.870850312,0.755353593215943,0.0312816699218738,2.36084774414062,9.26663068603517,7.13520607421877,63.9350020874639,322.099220309923,0.0941162109375001
2010-10-08,102967.434081875,0.867627239303589,-0.414347436523436,0.325696710205078,9.21405361083986,7.68213374023439,62.1738547370177,311.759880779002,0.0825805664062499
2010-10-09,103276.679157187,0.46975554321289,-0.707453369140622,-1.69303207397461,8.53056371582033,6.65077574218752,83.8236933977533,292.201834685659,0
2010-10-10,103027.07531375,0.487860748519898,0.702444554443359,0.302033701171875,7.66071453369142,6.23736856689455,56.861711540226,322.363345846581,0.05462646484375
2010-10-11,102538.57954625,0.926386171646118,0.775113281250001,0.762031507568358,8.79076070800783,7.98961938232424,58.1099640193596,325.426750753447,0.188526611328124
2010-10-12,102526.367428125,0.894341771697998,0.231118245849611,-0.0644080773925783,8.08640445068361,7.37978043945314,50.7002810571985,336.521849425749,0.460621337890624
2010-10-13,102461.331085313,0.990104440155029,-0.00122158813476552,0.954690369873047,7.7574154614258,7.08328891113283,33.8354154084481,337.998702476267,0.33544921875
2010-10-14,101715.677465625,0.889884379043579,1.13506224487305,1.3733988305664,8.53830762451173,7.39481554443361,70.2752366557006,298.177084019407,0.00347351074218752
2010-10-15,102623.9723375,0.505113129653931,-1.57505822998047,-2.63025312377929,7.91572681396486,3.95440142822268,65.3968978691728,281.19331992362,0
2010-10-16,103663.679356875,0.650467916259766,0.339792087402344,0.772503488769533,6.5713303051758,2.7966723364258,67.6399669462788,282.267090686393,0.0250189208984374
2010-10-17,103007.519293125,0.614027715301514,2.00681045288086,1.71524880493164,6.89518935058595,5.50024085693361,73.4927196120351,289.026206055332,0
2010-10-18,102078.84023375,0.501057372283936,1.00205694702149,-0.326397795410157,7.48880662353517,6.48855785644533,45.4768975328672,328.10804355778,0.33139892578125
2010-10-19,102050.746595,0.948131045684814,-0.753867104492187,0.934865261230469,7.40061672607424,6.6149479614258,56.8455510718404,304.762583093903,0.29533203125
2010-10-20,100462.615219687,0.410694998931885,4.44843340576172,1.23675780395508,10.3957413647461,4.00774628662111,73.4328265368212,223.4150940986,0.20849609375
2010-10-21,101806.7642425,0.132488764801025,3.09489050537109,-3.96577670532226,2.52292091552736,-8.88692440673826,70.5120697575205,252.449638663622,4.587783203125
2010-10-22,101707.024293125,0.732882783813477,2.17913637084961,1.63077594970703,3.73686132812502,-2.25791791503904,66.7402950851856,277.071730855902,0.267200317382813
2010-10-23,99491.903158125,0.2538242578125,3.08972520629882,-2.134888359375,7.38062095214845,2.84606871337892,63.1776813466335,249.60246739916,0.888494873046874
2010-10-24,102216.733420625,0.64120028503418,-0.142547076416016,-0.00795522338867025,2.89083062988283,-1.19081964843748,59.4089253399028,294.977881589971,0.728344116210936
2010-10-25,101323.3961,0.67788498199463,2.90066663818359,0.977736267089843,8.57789694580079,6.46614051513673,52.2693210974888,309.446442778517,0.900889282226564
2010-10-26,100726.54895625,0.858058262176513,4.32258733642577,3.34352935180664,11.7773461669922,9.04815120849611,59.691662070009,269.516296478378,0.00640869140625003
2010-10-27,99412.12050875,0.436481812973022,5.61906118286132,-0.250608554687501,8.77638323730471,1.48081608398439,55.60262670935,238.168126179605,0.0308892822265624
2010-10-28,100494.341808125,0.105574441757202,2.13709130126953,-4.0059183227539,4.00930875488283,-4.02391811279295,59.4928620214682,229.247723038106,0.143488159179688
2010-10-29,100765.921820625,0.631714362716675,0.304672617187502,-0.583083170166015,1.0243775317383,-5.63642961914061,7.5055380987904,307.660656621929,19.0279895019531
2010-10-30,98135.13873,0.995725567855835,-1.90836838012695,-0.106587406005862,1.12442197021486,0.10428079101564,43.431647645388,267.277375310923,0.445496215820311
2010-10-31,97759.63265375,0.935086416854858,0.603078697509766,-2.11616434326172,-0.54711395507811,-2.68909342285155,48.9495948586254,232.897108894263,0.0250189208984374
2010-11-01,97965.01612875,0.54997892906189,1.5297051953125,0.474887799072266,-1.88982313476562,-3.78769290527342,40.4599931062255,234.406542199979,0.403776245117186
2010-11-02,98824.508743125,0.493563317565919,1.75985152709961,1.00644976928711,-2.99221893554687,-4.59107106445311,38.7430415328149,250.164000357056,0.119673461914063
2010-11-03,99668.303739375,0.81798484992981,1.276473046875,0.51583014038086,-1.87302241210936,-2.68089331298827,26.7259127258087,270.594025758277,1.10742248535156
2010-11-04,100196.694329375,0.991384035110473,-0.673945157470701,-1.95285951049804,-3.39389896240233,-4.35692937499999,30.3528663528243,276.327465162328,3.43867248535156
2010-11-05,100732.065793125,0.852487148132324,-2.12054897094726,0.530793240966795,-0.847370683593736,-2.30994357177733,4.19701801894543,337.754481406677,24.2977801513672
2010-11-06,99579.776326875,0.999954504699707,-0.134683687744142,6.54889052246093,7.58803207031252,6.37808727050783,16.7294613704868,340.852817027174,10.3115118408203
2010-11-07,100268.331349375,0.971937458267212,0.0735770532226546,5.6192065270996,9.55674795898439,8.54709156982424,7.40645285959433,331.324761121791,7.1390087890625
2010-11-08,100688.390035,0.998103937530518,-2.60199584838867,2.98768827270507,7.19346657958986,6.15365538818361,21.8012633185452,312.409139217129,0.19931884765625
2010-11-09,101518.25630875,0.737260642700196,1.95091310791015,2.02913405639648,6.32678407714845,5.64881894775392,18.272295079261,303.632932291541,0.119135131835937
2010-11-10,101897.76411375,0.994197390365601,0.115640867919922,-0.610891719970703,1.86994309326173,1.49037585937502,9.43017955464969,314.452071594313,0.447637939453125
2010-11-11,101507.4754825,0.996682211685181,-1.65347617675781,-2.24647646240234,2.60980434082033,1.73336866210939,21.186112601745,285.900975273932,0.0906427001953126
2010-11-12,101438.53225375,0.860516962432861,-0.233151271972655,-0.452453138427732,0.958991206054704,-0.85514619140623,7.02353767586201,325.61726399009,10.5641656494141
2010-11-13,100268.91055625,0.997980805358887,-0.118571510009769,4.34497355102539,4.86508774902345,4.06800428222658,29.5452568000659,278.215701534705,3.89309448242188
2010-11-14,99232.49636125,0.699776070022583,2.63202952148437,2.0503269921875,3.7082419482422,1.95404580566408,27.9665755187249,243.128703751999,0.0325427246093751
2010-11-15,99021.240815625,0.458176129760743,2.44135776733398,0.550970255126953,0.358493845214857,-1.79053049804686,9.32218931118079,292.521938869278,6.835654296875
2010-11-16,98024.225923125,0.93586339881897,-0.818862080078123,-2.01543535522461,0.321688276367204,-0.522070622558577,30.2564662682386,231.720004241937,0
2010-11-17,100247.071475625,0.386130804824829,1.70718376220703,-0.544652935791016,0.580958569335951,-2.25091434814452,13.1933251337257,278.758282914087,2.17221862792968
2010-11-18,99850.113074375,0.817617626953125,1.95701829711914,1.45452090332031,1.51172137695314,0.405415581054699,18.9414447103869,244.629470038544,0.0626885986328127
2010-11-19,100148.341145625,0.432469864273072,3.21631297607421,1.8342544934082,1.46556943115236,-1.1154700048828,14.6909132287967,264.867717373938,1.65793212890625
2010-11-20,100616.95513875,0.816637342987061,3.80788208129882,2.8952851586914,2.55516703369142,0.193512690429702,22.9595889552589,271.265768573675,9.19677062988281
2010-11-21,100662.35816375,0.751784921798706,3.38716882324218,3.8639698071289,4.8523203466797,2.10913699218752,25.6621894854246,256.976166492506,0.837802734374999
2010-11-22,99505.83894625,0.170050043258667,7.08491120727538,3.80489357299805,4.95782105468752,-2.16394675781248,24.9468385075986,218.274669952474,0.0104205322265626
2010-11-23,101559.005138125,0.274821368255615,5.33396667480469,-2.27122560546875,1.3090565161133,-7.13016355712889,20.5838415248556,245.565831427464,4.62413940429688
2010-11-24,102531.1325475,0.813663311462402,0.0143696899414079,0.633025527343748,-1.02485126220702,-4.84601751953123,5.33528084790641,313.167021261466,5.44859191894531
2010-11-25,101548.907494375,0.912105065383911,1.40572151977539,-0.245960583496096,1.59131471435548,0.828388518066417,10.7441379662102,296.203860417686,0.882124633789061
2010-11-26,101644.653950625,0.999502683944702,-0.350690548095703,-0.76836950805664,0.511487287597669,0.0491195996093876,10.0770515047285,292.032505915633,0.157637329101562
2010-11-27,101799.931315625,0.99423323890686,0.870688364257811,-0.423647526855469,0.095422075195323,-0.551954006347646,6.71930359035985,306.091559218696,0.74828674316406
2010-11-28,101409.90787125,0.990848823013306,1.60914219535827,3.96503416015625,4.24008886718751,3.6436607763672,2.318722028254,318.908136870222,18.2201873779297
2010-11-29,99647.085568125,0.998611659545898,-1.26019569335938,4.40523710937499,4.02552512695314,3.44354667724611,2.55924058062848,322.191777551417,10.5269329833984
2010-11-30,97997.0271,0.985409356689453,-3.9632515234375,1.37488157836914,4.57176578369142,3.96629916259768,5.28446012505456,319.02732853197,8.16962890625
2011-08-01,101718.784850625,0.8624831590271,-0.415842836914064,1.06033432006836,18.650136381836,16.7344030932617,207.870486059193,364.695873597378,0.57769859313965
2011-08-02,102039.886491875,0.887730182876587,0.748724307861326,1.40547534423828,18.8217939990235,16.114407956543,241.806634765516,343.449016720718,0.283147659301758
2011-08-03,101975.36901125,0.471593020706177,0.892266975097655,2.14373622436523,18.8570259838867,15.6651937304688,222.821206781722,352.965126896972,1.64477767944336
2011-08-04,101659.019459375,0.456834084091187,0.792319802246092,1.83795612548828,18.4514668090821,15.5133704785156,230.220898636289,345.99670517208,0.293452529907226
2011-08-05,101374.118469375,0.577315516357422,0.17819822265625,1.32254548217773,18.397579038086,15.4144587573242,201.484584958883,346.759647303524,0.376273345947265
2011-08-06,101043.857862812,0.914773902282715,-0.615352258300781,1.14887770141602,18.5442743115235,14.2101911132813,120.084312574751,368.152450736218,2.31076324462891
2011-08-07,100520.154303437,0.991904171218872,-0.249136823730471,1.03917590332031,16.9108105590821,14.4214795751953,86.8857512236122,360.787380736131,8.83068725585938
2011-08-08,99751.528753125,0.988928357391357,0.915834910888672,0.546700200195313,14.6476241748047,13.1464035449219,206.993822012223,337.911445973648,3.60730468749999
2011-08-09,99664.5613425,0.540871960220337,-0.0524847827148433,-2.47022092651367,15.2486505957031,9.67829227783205,214.561809392735,295.5300624919,0.673526458740234
2011-08-10,99768.943705625,0.566054473190308,2.64315407958984,-0.767711225585938,12.9737967114258,5.36748024658205,161.742153911186,335.993837285683,0.98359313964844
2011-08-11,99838.109339375,0.892827973632812,0.633226186523438,-1.89508592910767,14.5608612182617,8.72167513183596,112.527545101401,343.852258697296,7.79448135375978
2011-08-12,100146.71703625,0.892968381729126,-1.20396488037109,0.481609826660151,12.951825444336,10.6420424243164,118.529426959109,349.324233778567,3.97001571655273
2011-08-13,100012.881664375,0.930466853256225,-4.00510805786132,-0.974326159667968,13.7770322705078,10.8772377416992,83.9346164994491,362.179018705533,4.44275344848632
2011-08-14,100189.047694375,0.96699588180542,-3.98102540649414,-0.964610998535156,14.7477393017578,11.438532734375,63.5179922194367,367.336418727165,17.6580844116211
2011-08-15,99887.182895625,0.972906566772461,-4.77414841430664,-1.46714444824219,13.7011110742188,12.5862449731446,58.0421067395415,368.151222588502,12.5581533813477
2011-08-16,99582.44217875,0.999743556060791,-0.114967994384767,-3.66531004882812,12.7276989672852,11.8035995800781,84.9736727262937,358.636354352551,5.92542663574219
2011-08-17,100135.88469875,0.946768982009888,1.38677959960937,-0.193333918457036,13.7367591552735,11.5900320678711,104.774653252642,345.056814006625,3.97431610107423
2011-08-18,100767.869180625,0.714633119735718,0.284243311767575,1.77577526611328,13.5526834716797,11.8229004345703,129.016557134304,342.02923925011,1.3396484375
2011-08-19,101155.588379375,0.594300288391114,-0.166364173583986,1.48318506103515,14.1137608642578,11.5407135449219,197.712591264403,317.660285931688,0.107843322753906
2011-08-20,101707.56860875,0.511544077529908,0.765334769287109,1.84283715820312,15.1229115747071,11.6827276464844,121.202102996104,341.4226280266,0.934765625
2011-08-21,101137.999811563,0.720401718292236,3.69716213867187,3.29896733764648,14.9436940429688,11.7601240332031,214.297558700566,299.537099896237,0.0225778198242189
2011-08-22,101104.728505,0.829652015533447,2.32814247680664,0.680912270507811,13.993219741211,8.56077419677736,223.551067976663,300.602206010208,0
2011-08-23,101145.233625,0.423747691497803,0.785596131591796,2.43607422729492,14.2864490893555,11.117053046875,88.2756050751241,347.363332068805,8.05670867919922
2011-08-24,101042.01934,0.845142865905762,-0.0415380871582041,0.703280628662106,14.3321443798828,13.5444261352539,105.008931096102,368.671094405507,8.64592010498048
2011-08-25,101348.58028,0.931539151077271,-2.44876948364258,0.721191964111327,15.6092364013672,13.7241448583985,23.5549347605119,375.203191424726,25.9093356323242
2011-08-26,101702.267936875,0.999547615280151,-2.64565481079102,-0.483060399169924,14.4123178051758,13.8477186914063,88.450574376498,361.806160762705,5.85544982910157
2011-08-27,102008.57550375,0.728712567062378,-2.55010324584961,-0.901432231445313,14.6700754516602,11.5481048803711,87.6610972025422,360.454133979359,0.190334777832031
2011-08-28,102123.94575625,0.782091634063721,-1.41890126220703,-0.444251550292968,14.9851475366211,11.8423716552735,86.0432138016669,354.068811189957,1.77089172363281
2011-08-29,101726.97877875,0.926197006988525,-4.20244345581054,0.018963850097656,14.5874006958008,11.2629838842774,107.183803930547,341.101203310112,0.398207092285157
2011-08-30,101750.526644375,0.870108994293213,-4.84181074096679,-1.34256952392578,13.4262923022461,8.08807906250002,152.796282571245,320.050722779143,0.0584078979492188
2011-08-31,101565.21212875,0.522736799926758,-2.37737127929687,-1.89948171264648,12.6562493164063,7.45348054443361,150.467616368714,310.162634763455,0.27593994140625
2011-09-01,101231.46550625,0.500294555130005,0.146772833251953,-0.0712537915039055,12.1271672485352,8.28377993164064,172.351941228392,302.245729698355,2.11702362060547
2011-09-02,100948.338199375,0.388114873580932,-0.299586389160156,-1.12869993286133,12.3677322680664,9.13280563964846,168.403091418387,301.145147448723,0.128254699707031
2011-09-03,101068.03631125,0.365937642745972,-0.213301092529296,-2.07041541748047,12.2032716796875,7.37324366210939,161.30311785832,302.811407247384,0.129203491210938
2011-09-04,101104.5103475,0.479588024749756,-0.364205892333984,0.391333345947267,12.3534715307617,8.53862271240236,114.885183856697,322.34126300991,1.11549499511719
2011-09-05,101444.61056875,0.517907826156616,-0.190166069335939,1.57695750488281,12.5055937158203,9.6859148364258,113.110590585058,324.846963816791,1.62790802001953
2011-09-06,102301.406580625,0.745248794174195,-0.874842087402344,1.98617873413086,11.9841311230469,9.90638353027346,55.1816414945739,350.48800842077,9.84692901611326
2011-09-07,101916.9407875,0.995896582489014,0.961234981689449,4.36474884399414,11.9523842480469,10.9461044995117,110.038726303392,324.176280319539,4.42949676513671
2011-09-08,101482.958645625,0.478527088394165,0.869633723144531,0.350397883300781,11.5136144165039,9.44509957519533,151.943831315753,291.894358882779,0.0338244628906249
2011-09-09,102306.77177625,0.66093902633667,0.152910526123047,-1.20901793457031,10.9746421020508,6.35318766113283,172.419857056337,296.367094967635,0
2011-09-10,102541.6086625,0.83211337600708,1.20789314453125,1.98715997192383,12.3218925097656,8.7768401098633,169.359433126199,322.383287291413,0.0125094604492187
2011-09-11,102351.9831925,0.262482516708374,1.09259987426758,1.68706098266601,14.4718440063477,12.3219982324219,159.083501928514,308.242087409858,0.0125094604492187
2011-09-12,102279.57227375,0.616573696899414,1.59665852905273,-1.02192247070312,13.9672689282227,9.99914828125002,152.74640051473,304.258032871505,0
2011-09-13,102006.884441875,0.767829907455444,1.99506594848633,1.41424304443359,13.7593996191406,10.0122306738281,168.841744419537,291.765637861422,0
2011-09-14,101320.997970625,0.200487313156128,3.68044114501953,2.25269512817383,13.0940931225586,8.14266739990236,137.796806014026,285.955596173224,0.750994262695313
2011-09-15,101468.8964575,0.212594627838135,1.02267106933594,-0.554153962402344,9.88666838623049,4.15612384277346,169.912707716632,263.242626153378,0.0154446411132812
2011-09-16,102505.28266125,0.500312843399048,-1.08440435791015,0.0731934802246092,8.90789647216799,1.54303136962892,74.0949679333769,330.223252294708,2.06871337890625
2011-09-17,101678.267156875,0.900531500549317,-1.81850224853515,5.21047118408203,10.9359171923828,7.14236323242189,55.1964743189823,343.08952521763,15.6310430908203
2011-09-18,99716.390211875,0.769886757736206,-1.77588424438477,4.81159947021484,11.777313894043,10.2230704516602,87.0860834790212,322.182533110227,8.79873596191405
2011-09-19,99855.9124775,0.693886084518433,-0.629828730468752,3.13847772216797,11.0580957836914,9.89248105957033,47.0909937943347,326.485909610253,9.11764678955079
2011-09-20,99500.732313125,0.673918213577271,0.746365230712887,2.93400249389648,9.96621911865236,9.04962398437502,42.6631321233129,336.160036219774,15.7918145751953
2011-09-21,99911.361305625,0.916341293640137,-0.0690530432128952,3.76542247436523,10.1205558569336,9.34648042724611,66.1836567033446,348.51990529132,18.9196432495117
2011-09-22,100223.803518125,0.999078475570679,-0.459002645263672,2.76933635620117,11.2782517700195,10.0317023706055,70.3066938298127,343.210273738089,6.60237518310548
2011-09-23,100269.652503125,0.832933290863038,0.246823905029295,2.68537490600586,11.912939074707,10.7365273706055,34.423982667939,353.647897323304,4.77466522216797
2011-09-24,100735.35634,0.998867387161255,-1.28244611328125,-2.84256759765625,11.5428345605469,10.617917878418,17.5877058091254,371.202887292093,28.9235305786133
2011-09-25,100350.5676375,0.997356730041504,-3.60837641601562,-2.59436733398438,12.3204634570313,11.9861858496094,53.8011214471838,350.08150379349,13.3115795898438
2011-09-26,100090.676246875,0.929927976226807,-1.63198125610352,1.26821464111328,11.4689245532227,10.1852426489258,39.6221840974307,340.133749309915,3.39896667480468
2011-09-27,100410.7064875,0.939399862213135,-0.163271667480471,2.51958352905273,10.4801731152344,9.31613986328127,26.1188930876278,348.770497914223,16.4055313110351
2011-09-28,99594.025055,0.923075760116577,-0.363600949707033,0.826263009033201,10.388328293457,9.91237661376955,98.8044627615576,309.148529994494,0.195595397949219
2011-09-29,100135.379466875,0.398062395782471,2.63220702148437,1.11810689453125,10.5450801147461,8.54785812500002,77.4618472223091,283.142944126241,0.0625473022460935
2011-09-30,101194.310270625,0.345914010925293,-1.31242490844726,-2.31618374023437,6.82516997314455,2.51041470947267,122.015208487669,263.644252086079,0
2011-10-01,101702.023940937,0.577834563827514,-2.03216985107422,-0.0525960229492177,6.92385416748048,2.97408713134768,59.739907860434,303.931636778989,3.56833435058593
2011-10-02,101523.88701,0.999322986602783,-3.49202272216796,-1.73588110351562,6.7771173754883,3.81937733398439,40.6953335863487,316.920646488338,3.4644253540039
2011-10-03,100992.400371875,0.787866876373291,-0.761046571044921,-2.24602416015625,5.86987020507814,4.08169789306643,114.558906756732,261.001611475549,0.278689270019532
2011-10-04,101114.70810375,0.0554274440765381,1.66771896240234,-1.5609501965332,6.41963295410158,1.17592359130861,114.797593961603,248.382199265731,0.0430270385742187
2011-10-05,101410.276705625,0.474103955307007,1.80999648803711,-0.687962612304687,5.66627260253908,-0.141669787597638,87.0953999794454,268.545447160858,2.47621185302735
2011-10-06,100811.705921875,0.79633704788208,-1.04346526000976,-2.04673298950195,3.51594127197267,0.658015742187519,106.161136201637,236.36118115639,0.175703735351563
2011-10-07,100974.36036,0.315220793151855,0.351417399902344,-0.0855986828613271,2.35134378906252,-1.64636839111326,73.9849868165347,258.808781669647,0.83182189941406
2011-10-08,100340.10576125,0.719320571060181,1.95408294433593,-0.370321589279175,2.57503469726564,-1.95358971191404,87.4845632202377,230.538835828079,0.156163940429688
2011-10-09,100476.630599375,0.350132572402954,3.00557061279297,-2.54752345581054,1.5998033520508,-5.88932795898436,100.015421031596,217.032816285903,-0.0148037719726563
2011-10-10,100863.800289375,0.161757925949096,1.91441929931641,-0.602946351318358,1.23591352539064,-5.01467753906248,61.0248925340451,263.618638821021,2.85927307128906
2011-10-11,101069.5514375,0.992343886108398,-0.711376423339843,1.43081036010742,2.31320724853517,-0.958136164550762,38.4355650188245,321.342633435501,5.39665222167969
2011-10-12,99240.239026875,0.924221006011963,1.77639131835937,2.43388796630859,6.39568250976564,5.54607618652345,91.9211725029951,272.846503543182,1.31371887207031
2011-10-13,100313.50289,0.564105168380737,2.12430387695312,0.448005541992185,6.48397416992189,2.02062997802736,16.7261587346123,342.453353115636,25.3546795654297
2011-10-14,99150.600481875,0.948618852615357,0.524128975830075,2.54436433715819,8.11654299560548,7.7185865576172,52.971971161267,295.534354282982,0.323492431640625
2011-10-15,100068.09498125,0.701642497558594,1.05048044189453,-2.29583196044922,5.65442515869142,2.9137864770508,13.4104125832368,311.817285440277,7.03456359863281
2011-10-16,99970.089078125,0.862038820037842,0.0828360131835916,2.32295254638672,4.92108261474611,3.92034834472658,77.164412541821,274.808523830328,0.00347351074218752
2011-10-17,99924.931279375,0.187661706314087,3.71861355957031,3.21149535888672,8.18923516357423,5.81738454101564,80.5425525082708,255.216441126744,0
2011-10-18,100179.770949375,0.167078555603027,4.43282313964843,1.88324213623047,7.19038937500002,2.88934359619142,71.9038227491047,250.065286791803,0.0696356201171877
2011-10-19,100911.954795625,0.595528122558594,2.32767799438476,-1.17676315185547,4.62825382568361,0.571979604492205,79.5282801541837,225.304273878053,0.0296075439453126
2011-10-20,102471.776356875,0.100671572647095,1.06641561645508,-2.58525991088867,1.92057490722658,-4.48609395751951,60.6000258391538,248.320317450477,0.0368371582031251
2011-10-21,101819.728820625,0.770811091918945,-1.20346268432617,1.57527423095703,1.0675668310547,-1.97867965332029,17.9273880599276,300.717321821539,9.19867858886719
2011-10-22,100160.214993125,0.99987776222229,-3.70457890014648,-1.24889438232422,2.33440191406252,1.62297738769533,18.858225776717,324.154478608694,4.76288452148438
2011-10-23,100392.881333125,0.960282483901978,-1.16886984863281,1.51863767089844,4.87878744628908,3.96656521484377,52.7507979057866,298.484018429885,0.689996337890626
2011-10-24,99832.26568125,0.537758034057617,2.86702366333007,4.10365223632812,7.83841474121095,6.55174826904299,59.0786475302347,269.540152825536,0.0750567626953122
2011-10-25,99707.17583625,0.408822277755737,3.58024299316406,3.98233223266601,7.01287469482423,4.94456559082033,13.8636236829657,318.504354849391,8.30236694335936
2011-10-26,98845.831938125,0.857841944503784,1.65572133422851,4.35656704467773,7.55683392089845,6.73714533203127,52.3064633658962,279.560717476074,1.13764587402344
2011-10-27,99903.462278125,0.49586724319458,2.94193589599609,0.473955286865234,5.1716758129883,3.04863008789064,20.283885482292,324.70448967435,1.19083984375
2011-10-28,100812.85968875,0.754841230087281,-0.66896297607422,4.62477424682617,8.20652723144533,7.10680949218752,36.4836963132899,311.277185363725,0.130210571289063
2011-10-29,100864.239885,0.756665123062134,-0.865143076171876,3.10921614501953,8.4074993701172,6.76121546875002,44.8831785122267,291.325775497735,0.168917236328125
2011-10-30,101591.95748125,0.636161315078736,0.926232673339843,4.66857150390625,8.29557102294924,6.59235371093752,16.0738285346029,336.554028614422,0.681691284179686
2011-10-31,101203.867914375,0.894609036102295,-0.0788559558105486,4.64941064208984,8.87392652099611,7.8605925708008,31.2317842064081,322.544227797725,0.880421142578125
2011-11-01,102081.06430875,0.853521283874512,-0.146896281738281,2.17385791992187,9.01706233154299,8.25479629394533,18.4759951557066,332.766247310684,0.942432861328126
2011-11-02,102575.201325625,0.980630955657959,-3.14660919799804,-1.90970461425781,7.3324949145508,6.39009749511721,14.7799405159776,333.550858590056,0.853659667968751
2011-11-03,102325.738976875,0.999859111328125,-1.81273645385742,-1.56979432128906,6.30850162353517,5.43941809326174,8.99740696624496,336.156114680413,0.558788452148437
2011-11-04,102280.291666875,0.981826322250366,0.68247761352539,-0.40104734008789,6.13682855468752,5.31206157714846,23.8074682419905,301.803408076274,0.0284924316406249
2011-11-05,102265.736525625,0.855099495010376,-0.887194262695309,-2.15755403930664,4.21338986328127,3.37659645019533,31.9348623589245,285.69145641435,0.0575616455078125
2011-11-06,102021.8786125,0.720352828445435,-1.21571453125,-1.80544776000976,3.51931304443361,1.92706937011721,16.5553510910329,315.701526561912,4.15268737792969
2011-11-07,101588.424541875,0.981980594024658,-0.800064721679687,2.59112770263672,4.61723656982424,3.27357267333986,4.59793284078632,338.046345955792,7.58936889648438
2011-11-08,100677.234664375,0.994359141845703,-1.05628857421875,-0.59805915649414,5.47586947265627,5.14621471679689,13.3707501379387,300.719535746686,0.935148315429686
2011-11-09,100043.394281875,0.571631098632813,2.40350166748046,1.62774657714844,4.48473321289064,3.2413138598633,38.8339954563547,230.952194141836,0
2011-11-10,100116.556165,0.154126950073243,3.22172864257812,-0.526680566406248,2.27354064941408,-1.47038877441404,35.8950178834678,226.685539406662,0
2011-11-11,100167.747471875,0.353163379745484,0.27266824951172,-1.2682319519043,-0.734959707031236,-2.57980975097655,22.564400946217,257.327277005952,0.473670654296874
2011-11-12,100453.38381875,0.84236587852478,-1.32335028198242,-0.968082440185546,-1.26598629882811,-2.9548417626953,9.95534725127209,302.618136322823,11.2426593017578
2011-11-13,100018.568615625,0.998498728179932,-4.19762102294922,-0.94430397583008,0.941023393554705,-0.307488566894515,12.3932173264748,300.141578024201,9.48766052246095
2011-11-14,99577.6975525,0.954324688110352,-1.24362123901367,-0.650018037109377,0.988685637207048,0.117442539062518,14.0696867808018,305.100264041706,4.94346130371094
2011-11-15,99305.64637875,0.996562402877808,-3.78850534912109,-3.0099376159668,1.65537839843752,0.521605849609391,14.3424044329534,288.840814713183,0.238436889648437
2011-11-16,99929.555511875,0.870460375518799,-0.843582341308592,-3.01656505615234,0.051045791015642,-2.03701886962889,16.6365808105882,277.090493753001,4.27883483886718
2011-11-17,100369.049508125,0.943614274139404,-3.90089760864257,-0.0559321594238288,-1.19984717285155,-2.55339819091795,5.07276526623784,316.36084105576,25.1223907470703
2011-11-18,97863.04419875,0.991654067077637,1.16811897705078,4.63369192382811,3.73838901123048,2.23910392089845,20.0596371464126,267.980812811461,0.997890625000002
2011-11-19,99251.2159875,0.656154932174683,4.88535144409179,3.74087915527343,3.97138619140626,0.783885625000016,17.2192593610408,261.065193319834,0.226567993164062
2011-11-20,100726.138489375,1,-1.31945378295898,-2.09286162719727,-0.427646018066395,-2.49489231933593,7.56925363191808,278.671761581579,2.95395629882813
2011-11-21,101504.33806875,0.999482849121094,-3.57270495361328,-4.24330927856445,-3.36901023681639,-6.08160772460936,12.9668012430918,279.890712737694,0.775195922851563
2011-11-22,101970.213286875,0.977937224273682,-2.04168194335937,-2.74399655639648,-2.27437506347655,-4.49233405517576,8.67517324263424,288.644948233979,2.52099426269531
2011-11-23,102257.199335,0.998617151947021,-2.45220749267578,-0.7529598046875,-1.65307101318358,-3.40499305664061,13.4637672311226,283.463831479955,1.95836364746094
2011-11-24,102130.589419375,0.985734658279419,-3.38805239501953,0.431102387695309,-1.27114082275389,-2.83615939208983,6.02959811461776,299.636176365066,9.34691345214844
2011-11-25,101222.255295625,0.977370272598266,-4.34684911254882,-0.0908773876953161,-0.445451904296861,-1.78520959716795,11.0915393254064,303.610736151205,2.40119934082032
2011-11-26,101874.05468875,0.981111308059692,-0.792810500488279,-0.308755328369143,1.02967051025392,0.214026179199234,8.36328570797424,312.279130136967,1.04100891113281
2011-11-27,102945.857594375,0.968041840820313,-1.35216600708007,0.896095472412108,1.59355755615236,1.22983448730471,9.27233190650838,298.780605703264,0.211470336914063
2011-11-28,103944.634509375,0.894722475585938,-1.62936565673828,-1.12059795043945,0.130065615234393,-0.6529985229492,7.60621622631465,284.422311261089,0.48976806640625
2011-11-29,104462.014760625,0.909821332626343,-1.18393580932617,0.0830588427734372,-1.22467041992186,-2.64623085693358,10.8581887705088,253.377406040751,0.201177368164062
2011-11-30,104064.240318125,0.787685779418945,0.585934565429688,-0.757312374267579,-4.47982768310546,-5.99345374999999,17.5553512131068,229.394597771592,0.0500378417968748
2012-08-01,101194.42816125,0.810100668640137,1.98847038208007,3.24175902099609,14.3817201660156,10.9804849975586,127.95427490082,367.936805434347,5.310975151062
2012-08-02,100975.310189375,0.992061618881226,-0.130747573242187,1.66182504882812,16.78435578125,14.4226190747071,91.5440188579753,366.959112400717,9.50634353637697
2012-08-03,100749.469368125,0.788195463104249,2.17961989013671,2.19510338989257,15.362208112793,14.2907410546875,163.367514642763,341.963515688059,3.08190589904786
2012-08-04,100835.23239875,0.522037824707032,1.63388979736328,3.19320995971679,15.6005879541016,13.60939390625,232.341910748952,328.896075576689,1.72706237792969
2012-08-05,101005.88457125,0.566289601745606,0.438403128662108,2.63420848999023,15.9997528955078,12.644131315918,52.9919211394298,372.557123911698,18.2007445526123
2012-08-06,100261.92006125,0.986430796585083,0.109556107177735,-0.80150512084961,14.9961128564453,14.5357725,195.863145041334,344.314360401302,4.32434967041017
2012-08-07,99975.457525625,0.64803452445984,1.37300218261719,0.937724899902339,15.613570222168,13.186408425293,144.185315528232,336.221497175917,0.508435287475586
2012-08-08,101090.45251375,0.537672925186158,0.435981427001954,-1.15229689697266,13.4118492016602,9.2532603442383,197.552098757933,334.346400235952,1.01911285400391
2012-08-09,101683.53368125,0.963066278152466,1.49825069946289,4.12250938476562,15.0779808105469,11.5323805664063,129.104351355252,353.407957496651,7.68253753662109
2012-08-10,101074.119573125,0.718058316574097,2.12221500366211,5.01706818969726,14.7272608813477,12.6717964038086,248.474484388803,306.735355495784,0.0199113464355468
2012-08-11,100843.07984875,0.435833017196656,1.75318075927734,0.71570295043945,14.8883761010742,9.37563454101564,222.486381418099,314.575553861959,0.15005355834961
2012-08-12,100912.731065,0.389236406555176,1.29186184204101,0.694484332275389,14.2002521264649,9.39086118164064,212.609518050312,314.721350906934,0.33589828491211
2012-08-13,101327.4083025,0.523185061721802,-0.240292355957033,0.422777137451168,14.5532702929688,10.6390457714844,162.140487874676,329.305253447473,0.20414794921875
2012-08-14,101602.756480938,0.556318288803101,-0.600585593261719,1.27401526489258,14.7675985205078,10.9744362158203,64.7268181050409,356.421912702406,11.4171423339844
2012-08-15,100897.94669375,1,-3.1209635180664,0.924432392578123,14.5423827172852,12.1205150512696,21.7055790855594,370.829804401196,27.7621282958984
2012-08-16,100554.5890275,0.997467375869751,-4.37387944580078,0.953207258300778,12.9238850073242,12.1556104077149,45.2181951646712,358.972982263688,15.2624247741699
2012-08-17,100411.273385,0.885985694656372,-2.40616506713867,0.352741862792966,12.5296936669922,11.4912290942383,116.457785614252,344.970041770503,4.7258511352539
2012-08-18,100745.11216875,0.901025942535401,0.431031037597656,1.42813659912109,12.8504958642578,11.5338229785156,165.205925610457,335.533973269778,1.11396057128906
2012-08-19,100960.197609062,0.633360583648682,0.667622230224609,1.65071456787109,13.4522926953125,10.8216743554688,175.796685497323,328.25900907501,2.72273254394531
2012-08-20,101093.73389375,0.756660386352539,0.0927142614746076,-0.483293074951172,13.7985861108399,11.8847156982422,141.130630262741,338.647641151544,0.335437927246094
2012-08-21,101729.844988125,0.813179010772705,-0.53223849609375,0.0410568200683607,14.7882431054688,11.6057269848633,91.9622521922387,352.584248512523,4.72098846435547
2012-08-22,101975.48107625,0.964382503738404,0.712136556396483,1.95678360839844,14.3493245166016,12.4827830493164,84.8014075424866,367.800228697237,1.23521087646484
2012-08-23,102179.85467875,0.993403089447021,-0.543694964599609,2.16326317504883,15.1051739453125,13.1871653369141,45.5695199595233,378.250507448367,3.58443817138672
2012-08-24,101238.382215625,0.924950581283569,0.786069254150387,3.32609029296875,15.4131205688477,14.7601942871094,198.812169662536,326.739250439595,0.0148037719726563
2012-08-25,100940.204843125,0.614445332489014,0.396590130615232,-1.50253753051758,14.9995212719727,10.2653165136719,149.20868466371,323.747341803858,3.30360412597656
2012-08-26,99772.93174875,0.29886390663147,3.63093717163085,3.82732930053711,13.9065410473633,9.12698060058595,217.350099729775,279.098042438936,0
2012-08-27,100205.615055,0.137418215179444,5.0678416809082,-1.47292272094727,12.8099852661133,4.28787332519533,222.790050407504,275.140534617164,0
2012-08-28,101389.447339375,0.100561309661865,1.45948220214844,-1.07316242675781,12.4124435668946,5.39366387695314,189.896625778586,305.326486658372,0.0146759033203125
2012-08-29,101475.983356875,0.814074107437134,-0.613748408203124,0.37487339111328,12.9394080371094,7.88298433593752,57.7072417907474,339.396402013906,2.98639129638672
2012-08-30,100953.57947125,0.990710655212402,-1.88114077880859,0.0555487243652332,12.03472265625,9.7893899121094,39.9943823664169,351.738831565665,8.81491882324218
2012-08-31,100500.679160625,0.986795425872803,-2.06185310180664,-3.73845951293945,11.0898916528321,10.3458705419922,33.3446576552689,360.073916039122,10.2118710327148
2012-09-01,100310.596339375,0.990660150299072,0.365352202148438,-4.25278702636718,11.4853533251953,10.4322980859375,41.2470031995683,353.362705601469,7.85011810302735
2012-09-02,100666.10007,0.99956529624939,-1.101302890625,-3.85588284667968,11.5971593212891,10.5929954541016,63.7535766105849,343.854066104067,1.87493957519531
2012-09-03,101474.76505875,0.842893193740845,-1.02913706665039,-4.30403963989257,11.4147930541992,7.95737837158205,119.829806945819,332.012962361026,0.0220394897460939
2012-09-04,102185.5416,0.822262714233398,-0.838334431152343,-1.06064075683593,11.914668605957,6.74210073730471,160.261010491808,313.794696536821,0.019847412109375
2012-09-05,102509.350491875,0.920724268875122,1.09298829589844,2.188161796875,13.1118047094727,9.3969963964844,150.563419120176,325.787785055993,0.01397705078125
2012-09-06,102548.218703125,0.621538851470948,0.875773323974608,1.9554767590332,13.5400664038086,11.5458706762696,78.690903974866,354.094773136374,0.393607482910156
2012-09-07,102525.69322125,0.815353211517334,0.434426756591796,1.52543940307617,12.9392655322266,10.3120141455078,106.361579627377,333.333104118558,1.73069061279297
2012-09-08,102007.73260125,0.91099889579773,-2.22949122680664,2.42124932617187,13.1014167944336,9.33733006591799,83.1959922853707,350.185682008671,4.69087707519531
2012-09-09,101377.5660475,0.71257203666687,2.87741345703125,3.94214080322265,14.1583460351563,11.756204453125,153.966833625878,294.44547288849,0.32295379638672
2012-09-10,101996.017011875,0.400418549499512,0.43274607543945,-1.48347276245117,12.0250987011719,8.02406154296877,159.709753559925,296.100633668837,0.245274963378907
2012-09-11,102223.7349175,0.141316359710693,0.322913737792968,0.821787497558593,12.143148178711,8.66915760742189,98.7561143341318,329.524213725954,0.0653936767578127
2012-09-12,102217.353270625,0.99216489364624,-3.68192566894531,0.608154731445313,12.9367419946289,8.65543687011721,39.722049662278,355.747512821276,10.8549069213867
2012-09-13,102296.16013125,0.966740953140259,-5.24861325195312,1.01118793579101,13.1251325439453,10.2298037011719,22.152870661446,355.271986825698,21.6697814941406
2012-09-14,102635.691234375,0.987593114395142,-5.12980328735351,0.539891838378906,10.9080193481445,9.77998809814455,50.4619854373748,339.110332307195,1.37206481933594
2012-09-15,103317.140970625,0.92041204284668,-2.5355805883789,-1.71876767211914,9.33941646240236,5.85788525146486,151.635937379687,286.510540451958,0.0665338134765626
2012-09-16,103297.83214375,0.364832186813355,-0.546491807861325,-2.18583499511719,9.1112870654297,5.21688790039064,161.976058184407,270.443210048401,0
2012-09-17,102576.22893375,0.380732598648072,1.3650987512207,0.910531723632812,9.8601255786133,6.36005850585939,128.970004972913,301.204753709223,0.0125094604492187
2012-09-18,101760.2416725,0.879740447845459,0.56610644287109,1.04171266845703,10.8569429907227,8.35098445068361,12.2930284432228,354.573746597405,10.5016110229492
2012-09-19,100483.44072375,0.765507099380493,1.27008735107421,2.66764618896484,11.4057946777344,10.3382966699219,140.897939618723,274.971247802679,0.61600555419922
2012-09-20,100173.87047875,0.424194541625977,0.549965908203124,-0.317284433593751,8.72283364990236,5.70267693847658,83.8983650159132,310.952166929984,2.23402770996094
2012-09-21,100968.54674875,0.848934426956177,-1.12322735107422,-3.23937229858398,9.09865347167971,6.54132735107424,67.6320899712737,322.925780493048,1.34213073730469
2012-09-22,101101.416888125,0.923287251281738,-1.8135478125,-1.81369517456055,8.71366342773439,6.07994072265627,89.2641918678823,309.026723341074,3.33186492919922
2012-09-23,101041.408774375,0.947372251052856,-3.931320234375,-0.745402257080078,8.46696200195314,4.38816278564455,51.9857599232283,320.94039120672,5.91889648437499
2012-09-24,101053.203366875,0.998062291564941,-3.80231179077148,-1.2640147253418,8.07817473876955,6.11642977050783,49.4356344505024,326.683757718388,15.1947229003906
2012-09-25,100391.983806875,0.964444959640503,-5.15265536743164,-2.02754071166992,7.08389957031252,5.95882154541018,56.2096901697376,317.077854136704,1.54435089111328
2012-09-26,100974.1246875,0.958404811782837,-2.66782635253906,-3.67452341064453,7.33066201660158,4.12540352539065,13.3585031496571,341.138777459849,15.3282159423828
2012-09-27,100538.02078,1,-3.93212287475586,-2.38590129638672,7.45631286132814,6.78402998779299,12.6003980535472,349.582728739429,17.9138925170899
2012-09-28,100478.1859175,1,-4.2314640625,-3.08513376586914,8.0735103833008,7.58699805419924,24.8920400676284,341.03850893218,12.1617782592774
2012-09-29,100704.974685625,0.98603189453125,-3.03864561279297,-3.30061874633789,7.2824760083008,6.7313705786133,26.7779701000771,341.868173351249,5.06070831298828
2012-09-30,100740.9123525,0.998020718841553,-2.40580167480468,-3.86164258300781,7.4140501489258,6.49609919921877,30.3129246483652,335.027187314833,3.19409088134766
2012-10-01,100862.825666875,0.898977840652466,-1.69347485351562,-3.26124282836914,8.16250660888674,7.20085225585939,10.1622558784402,344.023419525936,17.9286868286133
2012-10-02,100372.674376875,0.996519242630005,-3.66194520141601,-5.45111784057617,7.82486489257814,7.14178165771486,52.0841188923096,339.93918084507,9.79558319091798
2012-10-03,101015.11026625,0.893589417572022,-4.29873894409179,-2.31687608642578,10.0876182177735,8.8861515551758,14.4154006739253,358.364712729651,13.4363854980469
2012-10-04,101208.800844375,0.999130592498779,-3.75763044921875,-3.88580427124023,9.87737727539064,9.46398289306643,18.3816416481784,350.089373420349,2.52823364257813
2012-10-05,101850.533945,0.958312187042236,-2.46235798583984,-2.83706737670898,9.08788917480471,7.97615214843752,48.1797953073727,325.273440940745,0.238309326171875
2012-10-06,102915.35512375,0.891425782318115,-1.46691200073242,-0.351889744873046,8.22724227294924,5.4209079199219,60.1961907220445,316.948519189637,0.573502197265624
2012-10-07,103208.30181,0.883082861404419,-0.198415595703122,1.31180186523437,7.99348052001955,4.86022266357424,36.2541691644539,331.845777827282,4.61800903320312
2012-10-08,102328.755178125,0.998736374130249,-1.41229512207031,1.06225153686523,8.25164683349611,6.45055723388674,15.2937759499223,345.163800517114,10.4530834960938
2012-10-09,101138.73650375,0.999424337692261,-0.789209370117189,-2.96195769042969,7.62666463134767,7.25407342773439,16.2096599534569,344.425580214005,3.03319885253906
2012-10-10,100820.69436375,0.930891619949341,-0.885585639648436,0.31990275024414,8.08082690917971,7.13147322509768,63.5993418796904,316.135865490506,0.775179443359375
2012-10-11,101081.457706875,0.867514883651734,0.0283071411132803,0.536524910888672,7.67101362060549,6.50022890625002,80.0130110057806,297.940072665798,0.192371826171875
2012-10-12,101661.718188125,0.689580498657226,0.431162650146484,0.411984930419922,8.36076875000002,6.87528265625002,12.3610393229867,332.723962762605,10.0502874755859
2012-10-13,100434.06573375,0.688021543273926,0.438881715087888,0.544767923583981,8.42474263183595,8.02253422851564,44.7202736806803,308.188608080535,0.433283081054687
2012-10-14,100205.81276375,0.872868910903931,-1.21198766601563,0.00920751831054781,6.63189926269533,4.91411914306643,10.2169070999437,321.174595094651,18.5805633544922
2012-10-15,98837.319895625,0.641378215026855,-0.0118246313476598,4.61941503295898,7.23668333251955,6.35977451660158,65.9889431718838,280.312242189315,0.70859191894531
2012-10-16,98880.88272625,0.91216156791687,1.9055180493164,2.34602916259765,5.27318845214845,2.82854654052736,51.6045685018522,297.461216301022,1.83395935058593
2012-10-17,98806.3145615625,0.922689048461914,-0.326396314697266,-1.24219732910156,5.5685597998047,3.27443842529299,67.1335593023122,258.841521213678,0.683034667968748
2012-10-18,99244.344336875,0.37132657623291,1.09673815185547,-3.10735968505859,3.21903483398439,-1.03736322021483,77.9323340492902,239.340643692804,0.244346313476563
2012-10-19,100578.11290125,0.0552079741668702,1.77660396118164,-2.41583857421875,3.25684528320314,-0.61289257812498,65.7945491662365,279.877908949608,2.0341796875
2012-10-20,100495.132148125,0.786344302139282,1.7615093359375,4.23026940063476,6.06926942871095,3.97810816894533,37.374684325588,320.387704467933,7.53348327636718
2012-10-21,99275.86379125,0.718351615600586,0.814374967041013,2.8448649609375,7.75748403320314,6.93143780761721,31.0138775571853,320.658310594902,0.855541381835937
2012-10-22,100845.84697625,0.810598996047974,0.0224603076171882,1.28647204711914,6.95972186279299,5.73547083496096,29.1910987025074,324.307345636367,4.30600280761719
2012-10-23,100780.30771,0.913441163406372,-0.686114300537111,5.65378770019531,7.56527833496096,6.29238581787111,17.9039993866789,328.778734877252,7.46766906738281
2012-10-24,100268.28292,0.999972849578857,-3.41588161376953,3.42342880737304,6.60412214355471,5.14495768310549,9.99174854216252,332.299527237933,13.6334197998047
2012-10-25,99542.267153125,1,-4.43595475952148,1.16165435302734,5.66197534667971,4.99429954345705,10.2718541620838,326.297123898928,10.3280023193359
2012-10-26,99085.652948125,0.968310182189942,-1.5297803112793,-1.66157376220703,4.06104704833986,3.32140575195315,29.3520318606737,311.043787401437,9.17825134277343
2012-10-27,100344.10982375,0.996565524902344,-3.68091782714843,-2.34916754272461,4.58060170654299,3.63110276367189,8.01015753597911,333.559633698079,13.3561804199219
2012-10-28,101043.999715625,1,-2.26843869140625,-4.22403358398437,5.14943849365236,4.64147945312502,8.41155780950097,323.225670165265,12.1430596923828
2012-10-29,100674.35315375,0.905565172119141,1.4065610546875,2.33808612060547,4.43100508789064,3.53857892089846,33.0517501435576,292.060289491038,1.23620788574218
2012-10-30,102108.309151875,0.512068826980591,0.520014464111329,2.72770190185547,4.57233121093752,3.05584051025393,48.3293393139925,272.104058293412,0.871766967773435
2012-10-31,103241.831789375,0.572944957351685,1.66767077270508,3.05648681274414,5.12405039306642,4.04139758544924,19.5034384681206,293.006789424537,2.34218261718749
2012-11-01,103259.571548125,0.545257817993164,2.58318294799805,0.987497482910157,5.29199213134767,3.2992918676758,49.0031083212702,241.970877789184,0
2012-11-02,103635.5835325,0.455523185806275,1.59047718261719,0.783596960449217,2.42300571044923,0.650550166015641,32.9507989494628,286.88333036518,0.21254638671875
2012-11-03,103369.862641875,0.916675908432007,0.372589399414062,1.56052558105468,2.90684173339845,2.13995207519533,30.7274605913375,275.225669046456,0.16668701171875
2012-11-04,103304.06269375,0.625204065628052,-1.34463082519531,-0.526385144042967,1.35274256835939,0.321202294921893,31.5028634591363,286.82971070998,0.271556396484375
2012-11-05,103140.999426875,0.85540101600647,-1.27065326660156,-0.418898914794923,1.94091418701173,1.10670257812502,9.18504162612346,324.124648930306,0.636536254882811
2012-11-06,103117.87875125,0.99081301322937,-0.412368194580075,1.68505169189453,3.78879451171877,2.75004618896486,10.6922173918937,317.007967109453,0.618580322265625
2012-11-07,103189.159879375,0.967287548065185,-1.08270380249023,-1.83518857788086,2.92349164550783,1.59394076904299,12.8629525092762,306.28972874894,2.26440490722656
2012-11-08,103378.644840625,0.977490878219604,-3.55926697143554,-2.40438839599609,1.61261355224611,-0.578223432617171,16.1649265766105,297.929525469511,1.55513549804688
2012-11-09,103298.03873125,0.897958430023194,-2.91416532958984,1.39692190551758,1.90501550781252,0.0801877978515826,12.8645378124218,297.759086418394,1.16501831054688
2012-11-10,102715.506064375,0.999311624603271,-1.82188766723633,3.2774136743164,1.49073945312502,-0.272882197265604,10.2184848179069,317.592108651983,1.08683166503907
2012-11-11,101483.125835625,1,-0.279174825439453,4.56524253051757,3.99679621826174,2.21758017333987,9.5410597526569,336.547948142488,2.38184265136719
2012-11-12,101192.33152375,0.996797746658325,1.77830876342773,3.00676135375976,6.79911372802736,6.39468413818361,6.47464352833208,346.4464482434,0.812899780273437
2012-11-13,101784.18319125,0.998625077514648,0.121816154785157,3.72765111938476,7.53903106689455,7.0058246411133,13.3826816300351,328.096400302619,0.506881103515626
2012-11-14,101635.95694375,0.977266955871582,-0.0971713049316411,3.8200908605957,6.81400077148439,6.13536494873049,7.30053337095208,325.193345205976,1.66724914550781
2012-11-15,101092.11527625,0.987864233474731,1.67362053833007,2.33335436889648,6.27375712402345,5.96798527343752,4.39389143112744,338.522396751186,5.69080688476563
2012-11-16,100991.2861675,1,-0.715245384521486,3.00041582885742,6.65264046630861,6.36326981201174,12.0566476079104,332.152734045159,2.59127075195312
2012-11-17,100387.969701875,0.959003794708252,2.73707010986328,2.89110937255859,7.08748916259767,6.59407740966799,8.5149210916356,334.406692836951,5.96499206542968
2012-11-18,99652.12211625,0.952222073364258,-0.226687352294925,4.84104650390624,6.96707852050783,6.25294501708986,22.4204190117134,310.783653567078,11.1841088867187
2012-11-19,99067.4028428125,0.884972861328125,2.14956595092773,4.83969822143554,7.06935796630861,5.87811781982424,22.7088683324014,272.050837808442,0.815490112304689
2012-11-20,99855.61255875,0.762762708129883,3.10275028686523,1.52617241088867,4.52922337646486,2.71725275146486,4.63537330168136,308.261244736448,12.9416534423828
2012-11-21,100137.644404375,1,-2.53578726074219,-1.65344568969727,2.7934940966797,2.11909819091798,10.3448160326975,316.114142475931,1.6458349609375
2012-11-22,100364.304938125,0.998901909179688,-0.943472331542969,-3.3532727746582,2.08771517578127,0.613675156250017,16.8524095938757,265.690188195539,0.18934814453125
2012-11-23,101719.246680625,0.688720717620849,-1.46485236816406,-1.40773433959961,-1.01322093261717,-2.99867564697264,16.0754214229311,266.528438093068,0.0559082031249998
2012-11-24,102721.290566875,0.900997850952149,-0.237057275390622,-0.378097398681642,-3.31570449951171,-4.11041253173827,7.20496007126056,306.033038587444,0.667775268554689
2012-11-25,102560.148366875,0.994126808319092,-1.96719484008789,1.9337836352539,1.57419658691408,0.670436037597673,5.78811624406384,326.475930354506,6.03398681640625
2012-11-26,101270.3121675,0.999391212081909,-0.845703349609376,4.22211703002929,4.95102592773439,4.35827102050783,7.08725320898969,342.007786220624,3.11240417480469
2012-11-27,101074.36907875,0.949323503265381,2.00876190551757,5.61310765502929,7.63108287841799,7.18451237304689,2.52276343791288,347.775122857188,12.7273565673828
2012-11-28,100564.322059375,0.993404579162598,0.279739531249998,6.90028957763671,7.76761630126955,7.25818706787111,15.2931767205036,300.254985036134,5.32164672851562
2012-11-29,100377.12264125,0.506593623123169,3.26837033081054,5.61511287597656,6.32817975097658,4.57330521484377,17.8729655605658,256.132869604161,0.410006713867187
2012-11-30,101297.602116875,0.476942362976074,1.17043044311523,3.65894024291992,3.71776899414064,2.36301107421877,1.25851831255695,303.938776332032,13.4274719238281
2013-08-01,101381.676361875,0.605940053100586,1.60412148193359,1.63380956787109,16.7239993676758,12.0616939453125,233.254481686986,337.482127117361,0.0638049316406252
2013-08-02,101685.968896875,0.405483485412598,-0.25143585571289,1.17734927246094,18.1385324584961,13.7417953320313,131.403467345963,373.477478669215,7.90797843933104
2013-08-03,101214.57068375,0.89033893196106,-0.178678605957032,3.48801256103515,18.718832578125,16.1853280566406,247.299824061542,334.679058755893,0.0393584442138672
2013-08-04,101528.0593175,0.417379768142701,2.04849342163086,3.32875061767578,17.3171623657227,13.5926784570313,217.748624033939,344.3911564039,6.3988289642334
2013-08-05,101311.994079375,0.800359813537598,0.812264217529294,3.30280877685547,16.7629915039063,12.7336393603516,182.2136987052,349.83417191018,2.54125511169434
2013-08-06,101032.874683125,0.410437791595459,2.26858998535156,1.480491328125,16.7162446899414,12.6773530541992,229.810871639878,321.688992069139,0.0526815795898439
2013-08-07,101394.639549375,0.588817867279053,0.509149814453124,-0.323879873046879,16.2686542626953,10.7492917407227,68.8293503498379,360.397200014215,8.12410621643067
2013-08-08,100473.182224375,0.867524603805542,0.382489758300778,2.39822175170898,14.7793464697266,13.2548729199219,133.393721815764,355.994408082517,6.90409416198731
2013-08-09,100383.332526875,0.930830848693848,1.77298622802734,0.698880155029291,14.2419590600586,11.6275202758789,177.808005678227,333.84185961355,1.02540367126465
2013-08-10,101048.122290937,0.758473707122803,0.370744034423825,-2.3023287109375,13.8152022973633,7.62044696777346,165.835052026041,315.944342357923,1.57838096618652
2013-08-11,101520.6368,0.638040302124024,-0.249392958984374,-0.958052180175779,12.3225647998047,6.89614020507814,199.490188268318,316.558517430622,1.60965255737304
2013-08-12,101124.73705125,0.990334852371216,3.38842118164062,3.39154490356445,13.8318237353516,8.58311690185549,107.58120396844,336.816187455475,2.2161491394043
2013-08-13,101090.309739375,0.513720168380737,3.60110214477538,3.1667458605957,14.125785925293,10.8481501586914,184.723631806888,328.594587030961,0.194000549316407
2013-08-14,101643.55531,0.911953016281128,0.264122108154296,2.71819399536133,15.3032853955078,11.6340311938477,107.88843230474,352.547318036634,4.38437042236329
2013-08-15,101258.688598125,0.74023362197876,1.26870383544922,2.78426763061523,15.4826686962891,13.1052788208008,221.349190944317,302.098698046406,0.0133778381347656
2013-08-16,101458.136074375,0.531579715576172,2.89345955810546,2.1405303930664,14.9470549731446,9.23157006347658,147.41903385663,332.913163881192,1.59328460693359
2013-08-17,101335.61622875,0.987481120834351,3.86609375610351,4.16964866210937,14.4897537353516,9.90332718750002,136.002355682709,365.992275081785,5.39892684936525
2013-08-18,100777.823680625,0.853259444122314,3.30128982910156,4.29079547363281,16.3434366577149,13.6212833007813,216.008836557455,322.316958425872,1.34038803100586
2013-08-19,100799.7698025,0.400196807403564,2.98490750976562,-0.889090269775391,15.6844140283203,9.0997933911133,230.15365457107,305.041892032624,0
2013-08-20,101799.492854375,0.109443490905762,1.2675073828125,1.04112068725586,15.4082271411133,9.66415123779299,236.875319049488,310.104624235726,0
2013-08-21,101778.216558125,0.405031236801148,1.49165624267578,2.89995547973632,16.2922119458008,11.9312257055664,209.798115662148,311.830276250519,0
2013-08-22,101416.33344625,0.499692283782959,2.36159956054687,3.22479927734375,15.9792979980469,11.4056765454102,116.452523393883,336.772573130087,0.188590545654296
2013-08-23,100818.1834025,0.613527204971313,3.68995852416992,4.41788734863281,14.8430544262695,10.2246269384766,205.604969878877,284.718978889995,0.183269042968751
2013-08-24,100666.662560625,0.170762523880005,4.82319963134765,2.34472361938477,13.3033734838867,4.64410822509767,206.255446686946,296.928726295866,0.938704376220705
2013-08-25,101028.463354375,0.460705270156861,3.47693971679687,1.31292291015625,14.147809453125,7.53082207519533,111.284935761022,334.752013485768,2.40597763061524
2013-08-26,100679.175418125,0.779600489578247,3.79963097167968,3.85166167358398,14.3186397021485,10.7035303808594,216.769543134131,283.837108741154,0.0409698486328125
2013-08-27,100757.600605,0.0331352796936035,4.39822915039062,0.398343302001953,13.0735336035156,4.90457584716799,192.7840544511,294.93019734009,0.0182772827148438
2013-08-28,101145.204865,0.660152396392822,0.870004256591796,0.756739239501951,13.2728187939453,7.2002887817383,152.223574743209,331.397081096335,12.3694721984863
2013-08-29,100490.806780625,0.998632986373901,-4.26773659667968,0.205893457031251,13.8861280737305,9.22252272460939,60.7201502413143,361.564400847805,22.5026147460938
2013-08-30,99831.3393890625,0.938277161331177,-0.0592026281738312,-1.48080922485352,12.4147107861328,11.4279424267578,82.8028712385643,333.488021278842,2.4819320678711
2013-08-31,100920.911238437,0.791198801345825,0.749371708984375,-2.72194806762695,11.0609757397461,6.91838040771487,187.039966398946,303.555217830007,0.757865600585941
2013-09-01,101145.3467125,0.689569879608154,0.685486738281248,2.44540768798828,12.2399803588867,7.86067907714846,56.3417951602737,360.450813565713,19.2826361083985
2013-09-02,100677.26950625,0.968911534118652,-0.197102502441408,3.63864480102539,13.0564234423828,12.3496105419922,181.391808150061,306.219235381162,3.80155334472657
2013-09-03,100536.632897812,0.158635918197632,3.71539059204101,-0.171359953613281,12.7484047778321,6.44341848144533,198.707556721582,284.396140485116,2.34966278076172
2013-09-04,100693.16265,0.541468707962036,1.94707243774414,0.997040273437499,11.3221225805664,6.12010581054689,40.2209119459377,350.339441954547,7.31760528564452
2013-09-05,100055.385415625,0.9991144140625,-1.28926888549805,0.650180145263674,10.6495181445313,9.48794928710939,85.3232112106635,334.304956102392,2.322666015625
2013-09-06,100033.471421875,0.796363413085937,2.69856818847656,3.01630190551758,11.8440674267578,9.84275569824221,120.9220334058,307.700706385609,0.248460388183594
2013-09-07,100401.407986875,0.693595359191894,4.23294930786132,1.94195400756836,12.1057694555664,7.85819313232424,51.8394432043615,341.882933168276,2.19941711425781
2013-09-08,101051.773581875,0.992461859054565,-1.17874033447265,0.153584852294921,12.1149707958985,9.59396791992189,81.4608173109673,342.413681662934,5.93463226318361
2013-09-09,101075.728075,0.494451340713501,2.05697275756836,1.69080326171875,13.2743720605469,10.8705258398438,134.071169162487,310.773158992995,3.24733703613281
2013-09-10,101508.854020625,0.914396668624878,1.94342530639648,2.94086649291992,12.777079543457,10.1945008911133,130.082387159132,324.793584754099,3.88364868164061
2013-09-11,101202.741538125,0.622624251861572,3.26327009033203,3.41951783081054,13.4913554174805,10.1814861425781,123.13927896607,302.544033356315,0.208515319824218
2013-09-12,101173.084364375,0.639095890655517,2.78601032470703,2.61646824707031,11.8385860717774,8.86167282470705,172.593959750609,278.975918867109,0
2013-09-13,101266.33161125,0.512017566146851,0.643162783203125,0.914639948730468,10.8417898657227,7.20447074951174,131.474715676439,315.314633898099,4.59980743408203
2013-09-14,100885.1855625,0.813619948425293,-0.0611096032714854,1.00270688720703,11.2648055053711,8.37143903076174,125.814838320569,329.239684522405,3.61516326904297
2013-09-15,100218.4546025,0.796322539901734,3.24378185424804,2.41114997314453,12.206283491211,8.77595900146486,141.898690673866,295.094402319326,0.165616149902344
2013-09-16,99890.3475775,0.259288060379028,4.87325708496093,1.68247890380859,11.3623854125977,5.09363568603517,151.452205296212,306.107228309477,1.68473724365234
2013-09-17,100331.7411775,0.419414267501831,1.90975321533203,4.09032567871093,12.0101123022461,8.53785080322267,100.337878992165,315.309616299865,1.71538665771484
2013-09-18,99905.547456875,0.506392062988282,2.20895260253906,-2.62622752197266,12.1290859228516,5.79689065429689,140.93544834626,259.3216158595,0
2013-09-19,102107.418753125,0.524444836349487,2.46665042114258,-0.383215649414062,8.61319157714846,1.1518224145508,103.082069078062,303.614910846032,0.201199645996094
2013-09-20,102053.06310875,0.862054362640381,1.52225357666015,1.18340333740234,10.9079004223633,7.50850740722658,96.058224202308,328.725466984891,0.0648416137695311
2013-09-21,101425.178274375,0.794897644424438,1.82763831420898,2.65398685668945,11.8417648876953,10.2442006640625,134.241714406159,296.622114018609,0
2013-09-22,101308.050085,0.577838990631103,3.60951057861328,-0.823758105468749,12.0291832421875,5.49587296630861,72.3172085591485,306.292251770275,0.257413024902343
2013-09-23,100805.579328125,0.986295041809082,3.77385031127929,2.8938697680664,10.9317909863281,8.14595597412111,36.7554328694904,330.848163245109,1.80894378662109
2013-09-24,100309.938719375,0.800313205184936,0.373147042236328,-1.49845462036133,9.81451042968752,7.67005343994142,127.781476561645,275.20485720193,0
2013-09-25,101496.86837875,0.491305485534668,0.539640250244141,-1.14730549804688,8.63167563720705,3.64877679443361,123.862846118781,287.755951569129,0
2013-09-26,102687.62540875,0.748912444000244,0.24191992553711,0.76866263671875,8.74994924316408,3.38042312500002,122.85651450264,303.24933538953,0
2013-09-27,102865.88918875,0.310481967773438,1.01013577026367,3.00256218383789,10.8005867260742,7.79798695800783,112.284926875692,305.227536767277,0
2013-09-28,102091.363628125,0.69066168838501,1.46745658081055,3.10928637207031,11.0319710083008,8.97944708496096,119.630539223369,292.75594269802,0.0125094604492187
2013-09-29,101443.609428125,0.80230106590271,3.09400210693359,0.328550631103515,10.8253609228516,5.5365888208008,124.054319118049,269.275186281768,0
2013-09-30,101768.7707325,0.146513880157471,2.33315736206055,-1.33599592163086,9.73231617675783,3.46662801269533,120.328807896097,264.081268584101,0
2013-10-01,102213.254785625,0.370455687332154,-0.712972226562497,-0.422926049804688,8.44077059570314,3.96268496582033,108.8211646579,285.443401034999,0
2013-10-02,102457.376266875,0.408986524505615,0.690016564941406,1.92556290771484,9.05746291015627,6.88878708984377,91.8139758592469,307.483340654715,0.174193420410157
2013-10-03,102332.4312125,0.578264012527466,0.943276417236329,0.551560494384763,10.2297781835938,8.6400768701172,82.3447714887044,295.667277021378,0.141365966796875
2013-10-04,102411.261164375,0.519212397689819,-0.364988323974608,-1.14208891357422,7.66968280029299,4.91782826660158,104.756834236692,270.943800331452,0.0088055419921875
2013-10-05,102720.360406875,0.418530984344482,-3.06578817260742,-1.23691588256836,6.76018308837893,1.13263474609377,52.6702821415356,309.452312761636,0.165688171386719
2013-10-06,102819.576263125,0.850420351638794,-1.98872303588867,0.549663132324218,6.36535631347658,2.36712179443361,66.3675468904671,305.727411672802,0.130562438964844
2013-10-07,102178.240688125,0.712616863403321,-1.99241740478515,0.591014837646484,7.00323667968752,2.97382556396487,59.6468590042982,306.996672500096,0.0996731567382816
2013-10-08,102173.45168875,0.775628528060913,-3.39255878662109,-0.933942619628905,7.30151379394533,3.15922576171877,55.3458263256697,309.038097322255,0.10528076171875
2013-10-09,102574.68318625,0.916598949279785,-3.41346436767578,-1.39581859008789,7.70034304687502,3.53232091552736,84.7420805115179,277.440738607492,0
2013-10-10,103052.768535,0.270023212127686,-1.83478513305664,-0.638983223876949,6.73539218505861,3.95059791259768,83.1448427922643,285.079650763039,0
2013-10-11,102583.83590375,0.366143080978394,-0.772282170410153,0.0383360974121123,7.10947963867189,5.66335635742189,75.398073133943,298.424850213675,0
2013-10-12,102000.2205775,0.378001002731323,1.70918514404297,1.74954472290039,9.04679118652345,7.53680110107424,22.7480216223232,323.77610220855,1.0262548828125
2013-10-13,101393.97435125,0.970006406478882,-0.513128354492187,-0.329880789794924,7.30241265625001,6.64461763183595,27.4854021177276,352.983803216324,5.06765258789062
2013-10-14,100735.843550625,0.932295472564697,1.32359405761718,3.56305911499023,10.1590333642578,9.36930123046877,80.172886030986,276.291678271221,0.79758117675781
2013-10-15,100435.32594375,0.536630170135498,2.98683134521484,2.83588864379883,6.85250126220705,3.78014964843752,56.8413725844224,270.953264742936,1.40154724121093
2013-10-16,99990.651678125,0.628656422119141,0.334205483398438,0.0965315389251711,4.36506125000002,2.0407846044922,69.3335729871663,256.521924993139,0.464454956054689
2013-10-17,99637.459703125,0.656715792083741,1.64500375,1.84662202392578,4.16251024902345,1.51040810546877,71.7618591842611,267.150075089066,0.0645086669921875
2013-10-18,100128.730206875,0.669046742095948,0.469994941406248,-0.0864693029785157,4.49868457763673,1.92786505615236,14.9408208149033,330.949049965153,9.37787231445311
2013-10-19,99652.613940625,1,0.372558585205075,4.18789281005859,8.52281138183595,7.86470904296877,33.6656599719058,317.715064460554,3.37986938476562
2013-10-20,99480.2259225,0.626345824127197,2.63721796752929,6.11060642456054,10.0660849926758,7.72136153564455,31.5841607342233,311.57248600052,3.59382568359374
2013-10-21,99349.180633125,0.858566475372315,0.859540504150388,3.17720978759766,7.61851531738283,6.55478446777346,47.5178316885322,294.65247251933,0.379872436523436
2013-10-22,99606.622311875,0.633488348617554,2.03967974853515,0.329181335449219,5.03483274658205,3.30600485351564,57.7020283999899,262.449127884541,0.0029351806640625
2013-10-23,100857.644885625,0.77627237121582,-0.432511458740233,-0.199540849609375,3.0062529248047,1.52540173828127,30.484163017719,303.645409916778,4.23458740234375
2013-10-24,100767.836190625,0.99956529624939,-2.94161443603515,-2.4560012121582,4.12073513183595,2.92160150634767,47.2479660650064,279.416611334207,1.85137939453125
2013-10-25,99442.33779375,0.474021475219726,2.52995144897461,-0.705271604003905,3.88625385253908,1.76337500488283,7.04600214202859,295.426224661784,7.44259094238281
2013-10-26,98281.8328575,0.617119700241089,3.58102009643554,5.04507018920898,6.48556297607423,2.7689344482422,51.0681891943614,256.36666199594,0.186246337890626
2013-10-27,99447.017555,0.803843519973755,2.02407095092773,-0.438452687988281,4.5126798364258,0.69696242675783,54.105038614279,257.059335174341,2.22727172851563
2013-10-28,101108.49410625,0.730264146270752,0.278133968505858,2.27917224609375,3.74933561279299,1.41515986328127,32.5382332872786,326.356162218887,13.6184393310547
2013-10-29,100098.749434375,0.901271997680664,1.28768613037109,5.74869182739257,7.7260729223633,6.75374598876955,15.6504388169695,325.142667653444,18.0962316894531
2013-10-30,98526.641033125,0.979307461624146,-0.579922717285159,4.43176826416015,5.72481266357424,4.48989123046877,22.121289754044,291.351657088625,4.59844421386718
2013-10-31,97658.621480625,0.833572099761963,2.87238388916015,1.48600662353516,3.93875040039064,2.13496125000002,51.6327545660047,232.910872207937,0.10007568359375
2013-11-01,99352.484085625,0.400682663269042,3.20192078002929,3.13136561279297,2.48164794433595,-0.682552617187483,47.5739916687638,246.630594786,0.0663671875
2013-11-02,99844.39032,0.737753456192017,3.31010245605468,3.31115906738281,3.8990295654297,1.16717328613283,41.2683611772354,254.015368245818,0.119135131835937
2013-11-03,100265.592703125,0.455978506927491,2.45890583374023,0.303067908935546,3.74020988037111,1.37899991943361,37.2948253907354,245.740405351199,0
2013-11-04,101757.698761875,0.566512602920532,-0.364099447021482,-1.12278209838867,0.945130400390641,-0.491774885253889,24.2526577741726,290.077929536977,0.333296508789062
2013-11-05,102970.7118775,0.983292775497437,1.1450559399414,2.22907882446289,3.78283157714845,2.4510381591797,14.4451533153042,328.82128869931,0.551558227539062
2013-11-06,102605.0386675,0.982279711837769,1.20115821166992,0.125552506103512,5.52854071777345,4.85245558837892,9.2857121684652,335.836884689079,2.96070495605469
2013-11-07,102526.95073875,1,-1.92283062011719,3.8208049609375,6.01724900146486,4.97758823242189,15.6540948749418,304.439434407652,6.0306201171875
2013-11-08,101631.4264925,1,-4.38263302856445,3.1178830493164,3.01719129150392,0.776841093750021,16.1407222592045,310.804124078391,9.51732116699219
2013-11-09,101208.06806125,0.926343160324097,-0.971455490722657,0.99714042724609,3.60702939453127,2.84201582275392,14.7442901581562,307.784571007941,1.97345336914063
2013-11-10,101343.9795225,0.941600716247559,0.0183170056152342,-1.55087854125977,2.29029536621096,1.49502406250002,14.5120394547233,297.981327525351,1.76548095703125
2013-11-11,102241.297049375,0.845217076416016,-1.55847890991211,-3.28269660522461,1.8613906958008,0.699869655761738,14.9379777936818,301.390515303094,0.385076904296874
2013-11-12,103727.309124375,0.972188398513794,-1.45789630981445,-1.17529999023437,1.63388630859377,-0.132784892578106,13.3301314855698,310.816979066459,3.81309997558594
2013-11-13,103610.50634125,1,0.789384466552732,4.43222836547851,3.66868684326174,1.62492562255862,5.79418439007601,338.197451324826,5.32080688476562
2013-11-14,102069.596249375,0.988295105361938,3.08327173706054,5.35316902099609,6.98300183593752,6.3701247973633,5.88768693494088,307.30531357664,5.64444641113281
2013-11-15,100852.202516875,0.734631906814575,1.12384873901367,-4.15993302368164,3.6151813232422,0.0264715112304854,21.549913125539,232.970222468527,0.0365545654296876
2013-11-16,101488.8143875,0.721982750320435,1.25024404052734,-1.83011974243164,-0.96552483398436,-4.93575003906248,24.296302914365,219.258447265444,0.00347351074218752
2013-11-17,101731.4409225,0.411748014984131,0.0380238305664084,-2.58755010620117,-2.23453466552733,-6.34164988037108,22.8789812206698,251.48977837927,0.557312622070311
2013-11-18,101693.21411,0.822856289901734,1.35307005981445,1.45634344238281,-1.07956514892577,-3.63762357910155,17.1370663233061,262.589625375827,0.0314276123046874
2013-11-19,100268.974306875,0.957217528610229,4.1682347290039,2.55700166625976,3.56879651123048,1.86473131347657,12.0222412200214,301.243163651258,1.751572265625
2013-11-20,99623.91822,0.938527811508179,3.2181310974121,2.67942959106445,4.51564168701173,3.40833479003907,19.0539102115398,293.107647700146,3.64807373046875
2013-11-21,100256.136361875,0.913997272567749,-1.55400963745117,-0.923716126708985,1.45683336425783,0.167821223144543,2.83927034872463,310.082730554544,13.912353515625
2013-11-22,99529.953375,0.924490887069702,1.10316517822265,2.86787749877929,3.18814064208985,2.57650938476564,7.77218760492973,320.264320096549,10.8980291748047
2013-11-23,98420.93968625,0.879263910522461,0.396440240478512,5.50667243530273,5.79159236083986,5.12367407226564,5.95664382918655,326.742054586756,8.77194030761718
2013-11-24,98547.204981875,0.951230130310059,0.479441682128901,3.67693055297851,5.60310378906252,4.99698251708986,22.5710910771954,260.93911526051,2.30315979003906
2013-11-25,99242.0054375,0.544441218795777,1.17149298950195,1.23898582763672,2.13650568603517,0.79636981445314,11.4131434788684,278.919447183283,3.33563110351562
2013-11-26,99628.431164375,0.739527537231446,0.22730012817383,-3.80434249633789,-0.477334433593734,-2.11134227539061,21.117770107283,222.127973010926,0.0029351806640625
2013-11-27,101433.28070625,0.272059614028931,0.688927869873049,-2.85927254516601,-1.62627474365233,-4.86567494140623,4.53518062583808,287.77880003516,9.80055053710937
2013-11-28,99664.3879278125,0.994727249679565,-3.59907766235351,2.63225581176757,0.172216135253921,-1.12746335449217,10.3232968699019,296.70324987153,4.38131652832031
2013-11-29,99058.482264375,0.757302853927613,1.48465717773437,4.52955838745117,4.0443735498047,2.90102881591799,3.95553614839152,327.117766691543,11.1350219726563
2013-11-30,99529.73817625,0.999938361206055,-3.16394700683594,4.05792738037109,4.84328442871095,3.98253483886721,2.60909798530089,331.796441903908,15.1247229003906
2014-08-01,101056.721511875,0.397424870529175,2.02492738891601,3.485874375,17.7183338867188,12.2738895629883,185.882843902549,362.051853631777,1.21741790771485
2014-08-02,101383.370514375,0.729027328872681,-1.62526977783203,1.88409514648437,20.3270679833985,14.6960113671875,84.7036802879977,384.863095994809,20.5933843231201
2014-08-03,101064.144490625,0.963409530258179,-1.64650836669922,2.32167245483398,18.8908547998047,17.5043587841797,145.221647252333,361.782914133851,3.82646423339843
2014-08-04,101641.4544775,0.960679979934692,-0.0485717761230474,-0.178525101318358,17.3187698388672,13.4281748339844,79.5618137720094,371.425681287744,28.577131729126
2014-08-05,101368.88951125,0.776120700149536,0.374582889404296,0.40521307861328,17.1343589135742,15.8120694824219,219.834908810677,335.013540978896,0.058305358886719
2014-08-06,101652.76670125,0.36594328704834,-0.0449312170410173,1.88093298706054,17.9757771972656,14.1205672338867,169.915731834086,349.160460325104,3.78354888916015
2014-08-07,101147.205638125,0.656089020385742,0.673224008789058,2.63922037475586,17.0353257250977,13.6652836499024,258.297640871791,310.381857975177,0.018764190673828
2014-08-08,101572.599530625,0.429611775512695,2.87333735839843,2.74051218383789,16.140716953125,10.2601666992188,90.1473616903398,352.432318432669,7.11070419311524
2014-08-09,101484.534741563,0.888553541030884,-1.02994725585937,1.53395615112305,15.3484411767578,13.3558595776367,117.367466123674,373.252750748319,20.2662316894531
2014-08-10,100899.242814688,0.991565616531372,-1.60290548583985,3.04233913330078,17.9979671508789,16.2377071020508,180.040473751657,340.32142474015,0.0970930480957033
2014-08-11,101159.120900625,0.738849456100464,2.75703624755859,1.60679810302734,15.979249921875,10.6156411206055,221.357389578468,306.416437326561,0.0382621765136717
2014-08-12,101493.286300625,0.723022919692994,1.66742209716797,1.12932607543945,15.1837316650391,8.64346654785158,168.21951672745,345.236485765603,3.19619750976562
2014-08-13,101066.16912,0.929346090316772,-0.0542639746093772,2.96233852416992,15.4640184082031,12.0151975073242,58.0736402395529,371.955238553191,21.8045950317383
2014-08-14,99679.119025625,0.911377009277344,-0.873254522705079,-0.361469412841801,15.0377403515625,14.1061120361328,114.21578770714,338.332972699344,3.98223648071289
2014-08-15,101182.849625,0.487559120407104,0.736550249023437,-3.72536865966797,14.7046594116211,9.31523641601564,238.421079690565,309.577553132367,0.018764190673828
2014-08-16,101860.50782375,0.463405860671997,1.06478660034179,3.2241306665039,15.7266186425781,11.6988642919922,237.905455101695,308.328099231434,0.00625473022460935
2014-08-17,101937.856131875,0.37517262878418,3.46469661376953,0.42989657470703,16.5874329052735,9.85117418457033,106.961522053235,349.074667644192,1.7124314880371
2014-08-18,102017.154309375,0.980082348098755,1.60139851196289,2.04300411254883,14.9738377539063,10.7236694921875,141.495777156432,352.24296815858,1.30396057128906
2014-08-19,101769.195711875,0.470630477752686,1.06241554077148,3.47697395019531,16.3964877124024,13.8436664160156,219.568411008188,309.120327811828,0
2014-08-20,101510.349890625,0.35485732246399,3.58260421386718,1.03592840820312,15.7482092993164,9.35200913085939,151.535012733731,315.115781227354,0.0786907958984373
2014-08-21,101114.579605,0.898001618881226,4.69517415771484,2.5433814050293,14.7717049194336,8.86339183349611,203.715021151546,312.721213773946,0.102468566894532
2014-08-22,101666.630751875,0.413406629257203,2.14585076171875,0.320260169677734,15.0170193090821,8.26683198242189,156.263816521043,330.951337608792,0.134060974121094
2014-08-23,101296.876741875,0.643652322235107,4.80905028686523,1.38884552978516,16.2384554663086,10.110885480957,231.46620782757,286.81957927651,0
2014-08-24,102150.965513125,0.419212255859376,2.06491010742188,-0.680749025878907,14.7776534301758,7.44474514648439,222.887260210323,314.551830018458,0
2014-08-25,102416.144064375,0.269129670410156,1.38244118286133,0.652186486816403,16.797110522461,12.1791786425781,221.904341919274,318.10435190871,0
2014-08-26,102355.246875625,0.344171830444336,1.12187643554688,2.33460346557617,16.9523839794922,13.5585313330078,181.313147911083,343.626544761932,0.0430270385742187
2014-08-27,101868.3269375,0.644750715789795,0.591762733154298,2.22449462646484,16.6774093676758,14.5812505883789,155.514664073634,351.338917039769,0.0592984008789062
2014-08-28,102026.11538625,0.966829029846191,-0.0628495263671886,1.86522495239258,16.9098308642578,14.7256015478516,194.441852978666,336.814040611786,0.0142462158203125
2014-08-29,101882.008191875,0.516593916091919,3.21384335693359,0.507363665771481,18.0280526513672,11.7850322436524,207.482643884602,297.864820544139,0
2014-08-30,101820.041349375,0.4010364012146,2.44859179321289,-1.30815463012695,14.8274458666992,6.40242010253908,105.118963649964,310.793215637787,0.437352905273439
2014-08-31,101566.28628875,0.532753459854126,0.384152791748047,-2.21288244384766,12.1605926123047,5.17217724365237,212.514834113271,265.100500699406,0.00146759033203125
2014-09-01,101794.405765625,0.0713237001800536,0.163367924804687,-0.682659389648439,11.0478716479492,3.07222605468752,158.006079848507,286.040553772949,1.19875671386718
2014-09-02,101554.100385625,0.352169228897095,0.0516312670898455,-2.11311000854492,10.9612407714844,2.4368523754883,145.210510308105,291.498583733203,0.163751831054688
2014-09-03,101347.664894375,0.469333756637573,0.149564667968752,-3.22079570678711,10.890603803711,2.46257571044924,146.001557614841,300.175706130707,2.09722961425781
2014-09-04,100888.5849825,0.623675514678955,-1.56439265991211,-3.23573611816406,9.45621626464846,4.57485862060549,147.994560528119,296.446883028438,1.79178344726563
2014-09-05,101259.91682375,0.563242695159913,-1.15306115966797,-4.23900327758789,10.3285301928711,5.93120842529299,133.881575629224,302.332743119578,0.0665783691406248
2014-09-06,101697.71668,0.592106268920898,0.704103171386717,-1.27798236450195,11.525584230957,5.7514768286133,144.958534337541,304.938358143142,0.0359970092773438
2014-09-07,100963.364220625,0.54604073173523,-1.16484635498047,-0.847323366699218,11.0068228881836,5.04946362792971,123.542275920511,316.500240532617,1.38485565185547
2014-09-08,100327.73358,0.811939220275879,-1.14585220581055,-0.474609071044922,11.0749903759766,4.89447095458987,79.1783941736398,312.841969168477,13.8337100219727
2014-09-09,100204.798695,0.70138097076416,-0.470058177490236,-3.88863274658203,7.35114640625002,4.95554002929689,154.865495709549,279.699771412312,0.0648416137695311
2014-09-10,101339.93533125,0.251561886444092,0.633902747802732,-1.84562508300781,9.32343946777345,3.06248759277346,166.243387052678,285.671468984348,2.80263610839843
2014-09-11,101487.57286375,0.637524795608521,-0.0770297021484398,3.47625373901367,10.4544606469727,5.57887259277345,38.3742006552395,343.410886171177,13.9629364013672
2014-09-12,99783.21808125,0.760439898834228,0.366456564941404,0.369093603515624,10.2485715844727,9.04934980224611,104.760044191118,298.228616801268,0.525199890136718
2014-09-13,99622.55257875,0.608243884963989,0.378561076660156,-0.151094279785157,9.77948567871095,6.71841867919924,165.499857121808,279.516072514012,0.286751403808594
2014-09-14,99826.529308125,0.419382210464478,3.42907737670898,0.047582568359374,10.2706820385742,5.15466438964846,133.122543481589,290.029643687307,0.0580361938476564
2014-09-15,100392.448794375,0.618996230697632,-0.208889550781249,-0.49547612182617,10.2431463183594,5.21941700927736,46.9791426929656,329.658935100755,4.16723693847656
2014-09-16,99814.24461375,0.837698715133667,0.0650841491699189,3.02914249633789,9.97907845703127,8.64850321289065,60.0816580216193,330.198473399726,12.0727191162109
2014-09-17,98684.74716375,0.865363847808838,1.44450616088867,4.38343805664062,10.2180856274414,9.14824586669924,103.964593685932,314.803023767074,2.06802368164062
2014-09-18,99125.921573125,0.699313848648072,2.17827136352539,0.280085928955076,9.97966797851564,6.92020243652346,147.036472332032,279.605066141945,0.908991088867189
2014-09-19,100828.689494375,0.447929259262085,1.34921619628906,0.126713488769531,9.6507803076172,5.85076640625002,45.7979818642899,325.919950698359,2.69796234130859
2014-09-20,100777.219913125,0.982551854629517,-1.3307692288208,0.0845331311035176,8.4993719458008,6.6568065161133,36.0940189393453,339.484951671625,11.0509664916992
2014-09-21,100779.581630625,0.989888914108276,-2.7866228918457,1.11473998657226,8.79365586669924,8.18274534667971,29.8220320507891,338.883683735124,6.42706146240235
2014-09-22,101190.0474225,0.904380760116577,-2.99479296142578,-1.94176693237305,7.78982982666017,6.94759146484377,119.935336508673,284.072012362172,0.0084146118164063
2014-09-23,101904.60016375,0.576574803848267,-0.910013165283202,-1.47732465698242,7.63846558593752,3.44029975341799,56.9376394542401,325.819288689348,14.1187588500977
2014-09-24,100948.1733875,0.924399490966797,-0.401280473632815,4.79247163208007,9.37073993896486,7.35146864990236,119.393966862198,297.288353784092,0.458795166015624
2014-09-25,100268.865778125,0.42873089630127,3.16168032470703,0.670835983886718,10.8186876196289,6.9475171826172,127.16841769596,295.950746669745,0.0125094604492187
2014-09-26,101561.63100125,0.471863884887696,1.71292176269531,1.81328454956055,11.163203190918,8.36622690185549,109.841502787629,313.156548968856,0
2014-09-27,102189.06928875,0.703740427703858,2.06993519287109,1.61776526489258,11.7898399975586,9.28716949218752,93.0249196700315,291.424384766729,0.0296075439453126
2014-09-28,102715.807087812,0.746387823257446,1.62471777709961,1.03554796508789,9.29547949218752,6.47693379638674,110.126956435298,311.56289453723,0.00173675537109376
2014-09-29,102505.456005,0.295882390899658,2.00381279907226,2.75657166870117,12.067500209961,9.68453508300783,121.010346263602,291.08392100509,0.0125094604492187
2014-09-30,101941.116543125,0.0560197630310057,2.72889674682617,3.27814975830078,11.6612113085938,9.29306332519533,94.4117264115051,328.7649838895,0.441209411621093
2014-10-01,101166.38855875,0.493365488739013,3.0339301586914,4.23176152954101,12.2686142138672,9.84000478271486,117.53619424206,265.141171736941,0
2014-10-02,101709.913200625,0.276577595214844,1.41054301879883,-1.97326809692383,8.93696843994142,1.67462049560549,84.4894337263756,298.326788025971,5.19921417236327
2014-10-03,101143.431274375,0.766281038742065,2.06650031127929,3.43724159179687,8.4510281201172,4.78818027832033,116.644499622603,260.22569660793,0
2014-10-04,100484.139478125,0.0921260567474363,4.35375219848632,0.312432321777343,8.74473000244142,2.41280153320314,46.72499522687,305.215146371638,10.0832974243164
2014-10-05,100417.80989875,0.997274376678467,2.08225940307617,2.59366133422851,7.51806472412111,5.17959112060548,72.7830603655389,299.127092099819,2.94223327636718
2014-10-06,98887.68828625,0.34315939491272,4.5684446508789,2.31944601074219,8.78647684326173,4.31073318847658,90.9243261575889,247.661811726715,0
2014-10-07,100061.57025125,0.372922565765381,2.64703674438476,-0.882052719726563,5.38073267333986,-1.16542057617186,107.085773979868,248.785189583138,0.733744506835937
2014-10-08,99703.321160625,0.529749737701416,-1.04477117797851,1.46936328735352,4.43710962402345,-0.472283156738263,32.4441426537318,327.938169602761,18.2004434204102
2014-10-09,96753.94170125,0.990945905456543,-1.4580163659668,0.350960852050777,6.36775307617189,5.77640547363283,21.197979856827,322.712378968166,14.3737072753906
2014-10-10,97321.19726,0.972194306945801,-1.48647188354492,-5.10015729003906,5.2786391723633,4.15548972656252,42.3799601933599,298.674214985158,2.19481872558594
2014-10-11,99262.0656125,0.982529216537475,-1.26774055908203,-7.84432309448242,2.83353341308596,-2.3335769995117,82.7687369690981,245.943080479857,0
2014-10-12,100290.94727875,0.310771645507813,0.486975008544924,-2.83687036132812,2.05018721679689,-3.39586314697264,69.0122302854641,272.541854168937,0.176741333007812
2014-10-13,101015.30640125,0.786335569076538,-0.759856796874998,-3.83438200317382,4.26968657226564,-0.970745520019511,33.7760409700886,308.188217443635,0.71461883544922
2014-10-14,101970.530845625,0.923886718902588,-1.62513407348633,-0.464171618652342,5.15827236572268,2.67984780029299,53.960419998518,294.825049643768,0.0284924316406249
2014-10-15,102873.48577125,0.90756139175415,-0.700344649658201,-0.0613851562499997,5.05628574951174,3.00918288085939,62.9520541667951,283.025551100897,0.0250189208984374
2014-10-16,103307.066650625,0.544753033218383,-0.449383764648437,-2.15649122924805,4.68481745117189,2.48093652343752,53.8312173180715,287.546959879731,1.15067260742187
2014-10-17,103383.10528625,0.742541710968017,-1.50851811157226,-3.54724097290039,4.06441654541018,1.5785756567383,18.6932660718199,326.945468322562,2.34384185791015
2014-10-18,103562.803961875,0.999544732513428,-3.17688243164062,-2.72300511108398,5.07735846679689,3.82390840087893,16.7563024869646,320.572602773219,11.4497583007813
2014-10-19,102897.2516575,0.95963318435669,-2.84637723999023,0.333552802734372,5.32191783691408,4.82696333007814,24.9486383291873,332.642734939346,0.822912902832031
2014-10-20,102635.951580625,0.999675872192383,-2.08210338134765,2.63116334350586,7.05973174072267,6.31050584960939,32.5569637103151,321.536603619076,0.278284606933593
2014-10-21,102354.254416875,0.925023453826904,2.42033564697265,1.85533235107422,8.17074756347658,7.22917562011721,60.4737996317335,269.896014507681,0
2014-10-22,102768.801146875,0.4762303150177,0.654257307128908,-1.05495895263672,5.54861832031252,3.78235213134767,52.973314449683,291.953834298881,0.0671359252929687
2014-10-23,103033.6106625,0.851277559738159,0.917503084716797,1.52241843139648,4.89521502685549,4.24339764648439,33.1843872524249,323.969799325553,0.303733215332031
2014-10-24,102527.608000625,0.826518290405273,1.96026186401367,2.62899872436523,6.5942440161133,5.72793721679689,47.3245026899173,279.520072275567,0.0664312744140627
2014-10-25,102059.224191875,0.477453756713867,1.29998285766602,-2.82444356323242,5.60464763671877,1.0965678442383,53.8861639061377,247.688195835947,0.00640869140625003
2014-10-26,102653.5095125,0.485513276367188,1.33971262451172,-1.96602609008789,3.08347537109377,-1.45236796142576,59.1526035338318,256.077728171719,0.0500378417968748
2014-10-27,102215.367035625,0.334358446121215,1.23941096679687,1.00749647216797,2.99735887207033,0.603359418945327,48.9715570434874,267.943395106114,0.0250189208984374
2014-10-28,101519.505839375,0.682846741790771,1.02888460449219,0.530427342529297,1.8300948779297,0.666146030273453,46.9724954656758,272.988968441183,0.0296075439453126
2014-10-29,100540.36251375,0.626235967178345,2.65210129272461,0.430167416992188,3.85918204345705,1.94139536865236,55.3034974516806,242.09687715224,0.0529730224609373
2014-10-30,100697.16899375,0.244493599472046,0.946796088867188,-0.745544520263673,2.66053615722658,0.143636862792985,19.0723877161468,270.512398764787,1.4624072265625
2014-10-31,100853.437156875,0.825715645599365,-2.19840055664062,-3.5795614465332,0.491600710449235,-4.55910354492186,54.1112432935764,221.700416183648,-0.026134033203125
2014-11-01,102185.340115,0.0970918416595461,0.292048487548831,-3.79543348876953,0.3484358911133,-4.95405324462889,52.189780029191,215.387678376103,0
2014-11-02,103308.231421875,0.205715301742554,0.447747215576174,-1.04566923095703,-0.894063479003889,-4.05055000976561,45.1867906127626,241.950561825965,0.0250189208984374
2014-11-03,102999.132741875,0.656469343643188,0.728032388916016,1.06054485351562,-0.360383120117171,-2.34589834716795,43.1985853274259,251.38449130522,0
2014-11-04,101731.3410925,0.260007196655273,2.25490826171875,-0.0809714355468739,2.23264086425783,0.14020572509767,46.880152268551,222.96861508539,0
2014-11-05,102051.32078625,0.0017628874206543,1.53874008056641,-3.87361967407226,1.44393753662111,-4.78841055175779,37.0616189543055,220.956479497366,0
2014-11-06,102709.020205625,0.562352411575318,1.35154321411133,-1.8233876940918,-1.13466437744139,-4.90459361328123,36.6196076135973,228.876068057818,0
2014-11-07,101884.22736,0.231064098129273,1.4137663684082,-2.33626808227539,-0.590909067382796,-5.00652720214842,40.1388592340795,217.242903086027,0
2014-11-08,102811.564473125,0.27821765953064,-0.101013848876951,-1.09692498535156,-1.71956295898436,-5.07113867675779,29.8826457183421,247.661266541722,0.203086547851562
2014-11-09,103058.257968125,0.776861159439087,1.25852013427734,0.609771862792966,-0.0344828027343622,-1.94225133056639,29.3340473929302,267.680655761561,0
2014-11-10,102454.86541125,0.460860344696045,2.64010029907226,0.621757481689452,1.2659487084961,0.439571860351573,33.7623376267641,249.060131590062,0
2014-11-11,101955.2964075,0.498422220077515,2.86905978759765,0.319518455810547,2.18976814208986,0.0800937084961084,33.4205189618991,267.894355004858,0.925560302734372
2014-11-12,100418.034669375,0.589285956497192,3.13875477783203,2.92719599243164,3.53589439941408,1.73900267089845,25.9247050670932,241.48977336594,0.685164184570312
2014-11-13,98864.034296875,0.435256734390259,3.57146461425781,-0.615879770507812,2.39213011718752,-2.22666761718748,33.4694130483921,232.891586881392,0.256446533203125
2014-11-14,100424.099720625,0.610166705322265,-1.14503574584961,-0.485346329345704,0.45177790771486,-3.23957213134764,5.65033898885775,298.530889168942,16.0945458984375
2014-11-15,98893.218230625,0.999591276092529,-2.71982816894531,-1.90965164916993,-1.16104218994139,-2.7279385571289,8.14331541503344,307.200836220823,10.7438024902344
2014-11-16,97160.76352375,0.997154537734985,-1.25233929321289,-3.34342447998047,-0.256718471679673,-1.44870628662108,24.3178220771606,256.329581831215,0.05462646484375
2014-11-17,97484.465311875,0.871947513198853,0.681247213134765,-0.514614160156249,-4.02690438964842,-5.25358733642577,24.2756181216461,235.716609412909,0.129683227539062
2014-11-18,98513.37092125,0.740318301086426,1.07276307250976,-0.0217568725585942,-6.64101058593749,-7.61609545166015,17.5384590116454,250.726098411049,0.152216186523438
2014-11-19,99186.50304625,0.964857669448853,0.729909394531249,-0.573809378662109,-7.38982271728515,-8.63890041992186,22.7996781374734,221.256783510177,0.0250189208984374
2014-11-20,100727.8247925,0.385003799057006,0.0151523291015659,-2.21732129760742,-8.54520595458983,-10.2823857983398,26.7521802128589,207.866956638213,0.0250189208984374
2014-11-21,102314.730633125,0.486397158126831,-0.0912579089355436,-1.82551890136719,-10.5723434545898,-12.3160126028442,11.7297945081479,263.617425191819,4.79886108398437
2014-11-22,102595.726999375,1,-2.36740100830078,-2.23188565307617,-7.06344931152343,-9.30356413574217,7.97878522109625,291.658736565718,8.74502136230469
2014-11-23,102436.622050625,0.976317328338623,-1.79557556152343,-2.84038108520508,-2.64855697998045,-4.14692108154295,5.60000371768688,315.405174429191,1.86351989746094
2014-11-24,102680.107608125,0.999983856506348,-0.811788892822265,1.77476799682617,1.74790541015626,1.20443227539064,4.13330248581775,336.44704151134,2.40367431640625
2014-11-25,102353.154095,0.999951936416626,-0.322481904296875,3.82541089355468,5.09435111816408,4.90651374755861,4.52497855535513,332.595665089248,1.89551696777344
2014-11-26,102613.040423125,0.999968079910278,-0.625478630371094,4.02430481811523,4.70649944335939,4.41540600341799,5.16626781110272,326.168125544335,1.35236267089844
2014-11-27,102827.643999375,1,0.366769652099608,3.08556551269531,3.15816913818361,2.57114851562502,4.61020566609592,320.843309403856,0.765797729492188
2014-11-28,102932.704528125,0.999662104797363,-0.323763360595702,1.33677693237304,2.11569606689455,1.48827882324221,7.3570809066029,302.859112830592,0.310751953125001
2014-11-29,103213.595389375,0.894803128814698,-0.844274156494138,1.26359203979492,0.320492622070332,-0.752018044433571,9.60077789459906,290.355627809598,0.302933959960938
2014-11-30,103085.885249375,0.972191707839966,-1.33947513793945,0.247927095947268,-1.53293014160155,-2.32488212158201,6.20592326736609,301.599611288751,0.772105102539062
2015-08-01,101486.75128375,0.514060763626099,1.64348270385742,3.09722209716797,14.2654307202149,10.1785681542969,199.6347040693,315.974532495444,0.96454460144043
2015-08-02,101712.6225275,0.426681132583618,2.23509344726562,3.34319770019531,14.0679563354492,10.1550881640625,230.65924728199,303.903743766585,0.844566421508791
2015-08-03,102029.5800175,0.581594735717774,-0.716003132324219,-0.368045203857422,14.4238804199219,9.42184388916018,224.104421026327,339.859501080525,1.11102142333984
2015-08-04,101605.267131563,0.790151900558472,-2.42677650024414,1.25583611450195,17.6109095532227,12.323527097168,67.9918883631432,368.89735382216,7.35564674377442
2015-08-05,101683.7340175,0.967013893356323,-1.83095235107422,0.262015284423828,15.1607941796875,13.6975779248047,137.670466265905,356.145206251658,2.52525833129883
2015-08-06,101845.324255625,0.634092678375244,0.44092524291992,1.39878955932617,15.541390522461,13.7211826684571,169.372779728909,350.888167391025,2.66272254943848
2015-08-07,101439.3408325,0.90289610786438,-1.28707067626953,2.21816141723633,16.3234497119141,12.8320668188477,203.53385617828,344.019597364318,1.90531997680664
2015-08-08,101009.6826575,0.768852393417358,3.55097343261718,4.28483857421875,15.6150934716797,11.0613458959961,128.21700826019,358.489088271056,5.73639976501464
2015-08-09,101060.391811875,0.864123748245239,2.03703839355468,4.9829325036621,15.5294952832031,13.1261384375,92.3223189099397,374.67908375736,18.5923039245605
2015-08-10,100573.38861875,0.961258480529785,0.795964281005857,4.93956625976562,15.993556081543,14.2817072729492,76.9243443596582,364.74593371309,6.83087486267089
2015-08-11,99791.363695,0.654674703369141,1.34515322509765,6.28785981811523,14.9565643969727,13.4496635351563,243.294030390101,310.117660794101,0.903405456542966
2015-08-12,100622.074160625,0.268838921051025,4.73287762329101,3.30162408691406,14.7150756420899,8.45070346191408,244.928094881577,294.15696928634,0.642890014648438
2015-08-13,101648.800090625,0.24492319404602,3.27013377685546,2.25788633666992,13.7537757128906,8.89029876708986,208.917091024121,305.052859613948,0.433535766601562
2015-08-14,101624.65060625,0.133715948791504,3.28295767333984,2.94873421386718,14.0039828466797,9.46349926025392,202.701980204433,303.89566725091,0.0518548583984376
2015-08-15,101850.87335375,0.323478857192993,2.70884840332031,1.2920633227539,13.7933293774414,8.53356779541017,210.193139641618,311.220448672586,0.0301971435546875
2015-08-16,101799.424933125,0.724728293151855,0.240728593749999,0.362488798828123,14.6051589160156,9.94965908935549,110.967252198773,340.460580602278,7.09789459228516
2015-08-17,101761.504591875,0.833527239761352,-1.97190862548828,-1.55987386596679,13.364714519043,11.2752749853516,209.044937379119,323.50464571151,0.194144897460938
2015-08-18,101991.626954375,0.59698141204834,-0.955423513183592,-2.36818949951172,14.9006467041016,9.56381476074221,183.274911250171,318.202738955559,0.116020812988281
2015-08-19,102405.331788125,0.211309689254761,-0.292580042724607,-0.00358169921874972,15.41595109375,11.1797414135742,189.376936480036,329.007425522679,3.68737594604492
2015-08-20,102153.042350625,0.88724857673645,-1.49104872680664,1.59801685791016,15.4971202978516,10.8566091992188,84.550391097511,364.231780294072,9.63064788818358
2015-08-21,101188.37680375,0.907619665374756,-0.291675435791017,2.03486709838867,14.136478178711,12.9731333715821,141.431801830803,350.336498429657,5.19567474365235
2015-08-22,100780.27640125,0.807264184799195,1.27648199951172,2.00061746459961,14.2102343481445,12.6468585717774,147.45462827373,345.493156964144,0.690728454589845
2015-08-23,100949.69914875,0.559844073791504,0.303198481445312,0.823355898437498,14.6157429174805,12.2122701391602,104.461480029546,351.843641958402,6.69574920654298
2015-08-24,101126.62852,0.904790989837647,-2.47742786254883,1.25605421264648,14.2205051098633,12.7057111425781,41.7433282396765,353.322129378715,28.9062719726563
2015-08-25,100738.04662,0.81710703125,-1.6103716381836,2.32902252197265,13.0437281347656,12.244651550293,114.763930921601,334.204272760055,1.76678771972656
2015-08-26,100897.133274375,0.659765806503296,-0.23709403930664,0.334155020751954,12.5255347338867,10.7933678320313,177.904956636692,321.767143152741,0.386078491210938
2015-08-27,101379.59023,0.660120836410523,0.565706561279296,-1.05674173339844,13.5668813330078,10.7848352539063,126.355100530396,325.530867576057,1.19031646728516
2015-08-28,101532.86211625,0.652190383300781,-0.00558719970703089,-1.31671095214844,13.1534202514649,11.0747761572266,151.083703855554,325.528632791659,0.165668640136719
2015-08-29,101803.919910625,0.657144723968506,-0.401974025878907,-0.725727821044921,13.7876426098633,10.4184047680664,157.308554049592,320.253001819052,0.725256042480469
2015-08-30,102077.56285125,0.82630277557373,-1.22663111694336,-0.91162931274414,13.6183937841797,10.3478527539063,81.2330096281927,340.231021453453,4.13414306640626
2015-08-31,102060.5713175,0.754140430526734,-1.65273880493164,-0.692473651123046,12.3204200439453,11.1883795678711,100.208462504386,341.097212081887,1.07517639160156
2015-09-01,101620.388393125,0.915498838882447,-3.78370696533203,0.781412536621094,13.6151932177735,10.3662975268555,37.8557572229169,346.734258512461,28.2126147460938
2015-09-02,100332.811894375,0.826078785705567,-2.30758924560547,2.40280034301758,12.2970509033203,11.1980119384766,114.968920479074,327.295015103225,5.94895019531248
2015-09-03,100284.031305,0.93489212715149,-0.548394377441408,3.25747249023437,11.3289147949219,9.36369740478518,102.491208011971,332.568525543245,12.4708023071289
2015-09-04,100723.34079625,0.986685016860962,-2.12504473510742,1.94880906616211,11.2954237060547,9.86094957763674,98.5573522115035,338.538127945648,6.7329751586914
2015-09-05,101019.356149375,0.97383042427063,-2.19742161376953,1.69211854248046,11.9428688696289,10.1770046875,65.9591846045811,341.357781590167,4.09341949462891
2015-09-06,101396.42585375,0.787054934844971,-0.0286896813964848,-0.241752152099611,11.8410022607422,10.5114934521485,126.82220555116,330.012045257941,0.0976535034179687
2015-09-07,101880.652398125,0.897202042007447,1.31917436035156,2.41310648193359,12.4863946582031,10.1054387841797,96.2816457532932,332.75564227738,3.83767761230468
2015-09-08,101310.201179375,0.999520246734619,2.64599225463867,3.93816594360351,12.1829800341797,9.41287587890627,168.690139376606,297.707865577165,4.48692718505859
2015-09-09,100007.9551275,0.297742050094605,1.73605724487304,-1.00857704467774,10.6807966967774,6.39645041259768,180.037932715514,276.424641779973,0.172576904296875
2015-09-10,100545.883868125,0.500024021224976,2.69739761230469,-1.60000306884766,10.5124156542969,3.72377059570314,171.176880782754,271.166280845732,0.211514587402344
2015-09-11,100751.720988125,0.0908638275146484,1.40424986450195,-1.47142646484375,9.59328419433595,3.82476551025392,175.796632401045,271.216916205686,0
2015-09-12,101098.079666875,0.613738820114136,-0.0893931848144525,1.2690674621582,10.0876225683594,6.03952856201174,111.196666992093,304.735044140634,0.156580200195313
2015-09-13,101002.211161875,0.426237389526367,2.61551813232422,-1.34281186035156,11.1536479125977,5.54103560791017,173.21333541407,272.687175362229,0.749914855957029
2015-09-14,101648.254094375,0.401356524963379,2.15539156982422,0.787712839355469,10.5914855297852,4.20571339843752,156.987867703214,301.644452043338,1.38407440185547
2015-09-15,100702.418535,0.552768021011353,4.84184069946288,2.90570762207031,10.6263448168945,4.98058740722658,144.532125717266,287.55679027627,0.175908813476563
2015-09-16,100960.851225625,0.261562757339478,1.79828851806641,-3.18743230957031,10.6100967480469,4.90102215820314,148.191058473766,286.165016425434,0.346313476562501
2015-09-17,101711.961788125,0.634780894851685,0.785471136474609,0.533956962890625,9.63899677490236,5.66162938476564,101.333244567722,303.772917783006,0.01397705078125
2015-09-18,101536.97615875,0.867129331741333,1.85361997436523,0.320910841064454,10.3919404052735,6.58665653076174,98.864608992238,304.888444975526,0.151850280761718
2015-09-19,100743.616669375,0.599961799240112,3.91619493652343,3.5894938684082,10.9598896215821,7.2352285083008,150.501603675269,268.702683253659,0.127530212402344
2015-09-20,100648.449158125,0.146002804336548,4.19584222167969,-2.01456455566406,10.4482306201172,2.58791037353517,130.978936769472,277.533896974701,0
2015-09-21,102213.13350375,0.324096957321167,0.523323922119141,-3.75000374267578,10.4039680029297,4.08939848876955,125.522319549461,288.152393029581,0
2015-09-22,102886.917808125,0.456834682235718,0.735456970214844,-0.740499029541016,9.60324286132814,6.58745596191408,140.407079465579,297.906073033322,0
2015-09-23,103097.16287125,0.732623721008301,0.940016701660156,0.939474691162108,11.2640624340821,9.1417751489258,99.7646556087547,325.43219407005,0.0290499877929687
2015-09-24,102963.911845,0.763170139465331,0.718067707519532,0.935585937499996,11.5969047607422,10.4323230200196,89.0648504269394,339.115015683324,0.160841674804687
2015-09-25,103460.143838125,0.806594584197998,-0.197127429199217,0.640966810302735,11.3426260644531,10.0465273999024,54.602933550131,355.036352656789,0.508916625976563
2015-09-26,103371.281983125,0.977487447662353,1.12256389526367,2.08243883300781,10.9251201391602,9.74315115722658,67.643112426653,338.14834580137,0.256464233398438
2015-09-27,102720.759898125,0.903338585739136,0.667133624267578,1.30096174560547,10.2731795336914,9.16674092529299,59.9845404261751,344.377562216092,0.377713623046874
2015-09-28,102308.18617875,0.994040883483887,-0.757662747802733,-0.291039995117187,9.45237575195314,8.18940390625002,38.7689510940651,346.730248795354,0.630584411621094
2015-09-29,102058.479358125,0.930856279373169,-1.18048674194336,-0.374052541503906,9.53018710693361,7.91839858154299,61.3978872471953,335.344219499534,0.745542297363283
2015-09-30,101746.209776875,0.658025272369386,-2.80788710083007,-1.20239707397461,10.8492893652344,8.59078262207033,59.8923958660174,338.020034853943,0.13232421875
2015-10-01,102014.830428125,0.99182800163269,-2.74525396972656,-1.15310469238281,11.2256383227539,8.79799654785158,51.3232499638392,338.440336454145,0.170718383789063
2015-10-02,102404.723588125,0.917267496948242,-2.52296865356445,-0.203864176025389,10.9845712109375,8.54659770019533,28.3714389021389,350.813700513534,1.30703582763672
2015-10-03,102389.32922375,0.985049829559326,-2.39828963989258,1.60494989746094,11.269938034668,9.99497996826174,29.1538917230116,370.41250653327,4.73852355957032
2015-10-04,102245.384773125,0.872891369018555,1.48996919677734,3.9231519152832,13.3452448925781,12.8425563891602,106.374579207987,312.906584019807,0.0523321533203124
2015-10-05,102795.81120875,0.552569546051026,1.9209042980957,2.88422021484375,12.4703646875,10.8822393945313,47.2667453176553,357.459476189035,1.21577545166016
2015-10-06,102016.071155625,0.931269152908325,0.977551528320313,1.76689644165039,12.4113486547852,11.6785146899414,95.1955663726303,291.400430760346,0.0250189208984374
2015-10-07,103008.910785,0.471632983474731,-1.65823057128906,-3.53787769287109,8.86282875976564,3.44648361083986,103.288227464753,261.203511019295,0
2015-10-08,103874.414098125,0.61045509262085,-0.199864946289061,0.566053676757813,6.71440900390627,2.55194489746096,83.5932245011005,277.597093870974,0
2015-10-09,103479.9562725,0.879492145690918,2.63719277099609,3.27117958862304,8.51495730712892,6.09933787353517,73.9174898328862,305.049609244722,0.0296075439453126
2015-10-10,102286.15861,0.831091312332154,2.7440976989746,4.11226052612304,9.38762989501955,7.60503593994143,59.9781944728533,307.652329987823,0.353200073242186
2015-10-11,100310.542156875,0.307689408493042,4.13945203002929,3.90415626098633,10.3663853930664,5.90483470214846,92.8019428003713,251.309478590884,0.0877075195312501
2015-10-12,100434.09972875,0.090168396759033,4.31651041748047,-1.45780403442383,7.83292716796877,-0.748376088867171,95.4791900950169,232.466920008652,0
2015-10-13,102257.948876875,0.181588783493042,1.91011845214844,-2.02670162963867,4.45722168457033,-2.72672933837889,39.5412883629431,288.001821467768,3.28439514160156
2015-10-14,100871.465311875,0.995216057357788,-2.92586156127929,1.71239067749023,4.1941881958008,1.60800471435549,14.0684989886274,323.906247821998,7.91186218261718
2015-10-15,99389.881839375,1,-4.21554138183593,-3.60172494384765,4.45327975341799,3.52014405761721,33.0445610497919,300.790170862563,4.58960693359375
2015-10-16,100121.09539125,0.909979635391235,-2.55996186035156,-5.04508966430664,3.29821166992189,-0.271156967773418,67.2223291673614,249.100464849939,0.0842730712890626
2015-10-17,100423.454984375,0.538433528442383,-0.774231989746093,-2.79779593261719,0.765097114257831,-4.58671663574217,79.3965769709136,221.509529376766,0
2015-10-18,100346.039136875,0.157059328842163,-2.01826029052734,-2.68842693115234,-0.483206311035138,-5.06005114257811,28.8872486168701,287.439041695496,5.95333679199219
2015-10-19,99514.767925,0.983112415084839,-1.22590648193359,-5.86890304565429,0.398015976562518,-2.70508412841795,68.8909989207302,243.137985170955,4.55293579101562
2015-10-20,100171.017045625,0.287752572174072,0.623872675781251,-4.44010139892578,-1.39489697509764,-5.59254733398436,76.4742035995894,232.476377783101,0.273942260742188
2015-10-21,101118.981995625,0.770996702651978,-0.446326759033201,-0.661542875976562,-1.81514139160154,-5.77119538574217,28.2144135351896,314.356749553793,10.5152728271484
2015-10-22,100339.6045875,0.999968079910278,-3.31553584228515,2.13482844116211,3.87377029296876,1.76813205566408,13.4627474981482,344.459740083462,9.76229248046875
2015-10-23,99684.762980625,0.921672188110352,-1.44070374023438,2.99166828857421,8.14679861083986,7.68820131835939,17.7107614102542,345.174588542946,18.2697222900391
2015-10-24,99393.55669,0.987996344528198,-1.68950052124024,3.55236195068359,9.07350700683596,8.55315323730471,50.5588347069876,289.39491134777,0.117315063476563
2015-10-25,99161.660910625,0.496009274978638,3.21315469360351,1.87159615234375,6.05472072021486,4.5352328833008,35.9621815931594,281.896472979814,3.09805053710937
2015-10-26,98735.562516875,0.68115703742981,2.85347848632812,2.85443076782226,5.26323715332033,3.85945070068361,58.5600907942482,264.205589725526,1.51341430664062
2015-10-27,99023.776145625,0.5109466015625,2.13131569580078,3.67766349609375,5.89247081054689,4.27254646972658,29.2799626712273,308.329029719995,3.84644958496093
2015-10-28,99363.58099125,0.859606142044068,-0.993112149658204,1.67735117065429,5.76995900390627,5.0488524145508,9.44976449590393,329.520350497685,5.95755920410156
2015-10-29,99424.263849375,0.973617547912598,-1.89689824951172,1.4404766027832,5.79495359375002,5.27415069335939,15.3261343385321,327.336776510747,8.25269958496094
2015-10-30,99326.140340625,0.935988304672241,-2.43291841186523,1.45052046508789,5.79697517333986,5.21223986083986,9.27488052783349,332.866564193891,14.6349206542969
2015-10-31,99282.51421125,1,-3.94398168457031,-1.52997706420899,5.04649374511721,4.70095415771486,12.5131466472227,321.455867884532,7.28468322753907
2015-11-01,99277.5758575,0.93330289390564,-1.94133364257812,-2.54213740600586,4.02176117675783,3.46874422851564,14.0429338420707,318.445473921969,1.85442077636719
2015-11-02,98738.6868925,0.998639596176147,-3.15828255859375,-3.73989397827148,3.28882076416017,1.85447816406252,27.5218714382238,292.358452586085,1.55754943847657
2015-11-03,99203.520074375,0.86774558883667,-0.110659222412108,-4.80415189575195,1.8851735083008,-1.29457225585936,44.1976221313204,246.913331516106,0.118968505859375
2015-11-04,99437.09452375,0.411565797576905,1.49514822998047,-2.59759435668945,0.648654914550799,-2.51165874511717,41.3943510588129,241.25938672111,0
2015-11-05,99998.441,0.592791424865723,1.78606578979492,-1.44207178588867,-0.619265988769514,-4.16964732421873,44.5953587616875,222.93356300884,0
2015-11-06,101211.289785625,0.136983728408814,0.747783098144534,-1.89543319702148,-1.69853128906248,-4.45076341796873,38.9450197728297,245.211204233774,1.34609802246094
2015-11-07,101617.141985,0.788796034698486,-1.17352018920898,1.93961687133789,-0.566197187499984,-2.54622865234373,2.68667164688384,318.794053828898,28.7389874267578
2015-11-08,99498.829176875,0.884754478607178,-2.27023966430664,5.22127763183593,3.54909738281251,2.72074915283205,17.1361030051266,309.687028649387,2.70018798828124
2015-11-09,99760.8950775,0.834921635055543,0.0170662145996074,2.63436252197265,4.5532190576172,4.06074462646486,5.84052227006135,332.799057965801,18.674404296875
2015-11-10,98539.081046875,1,-1.50113109863281,3.64558589355468,5.58656406738283,4.94203824462893,11.5063122757026,315.786177198782,11.2196350097656
2015-11-11,98433.24235,0.955100627441406,0.519229666748045,1.40105364135742,3.81330379394533,3.31102582031252,22.1537770907566,288.506429527182,0.221979370117187
2015-11-12,99906.561824375,0.80370219696045,1.4634605480957,2.05659405273437,2.11208534179689,1.36223849121095,14.4910133287911,301.151236928061,9.51668212890625
2015-11-13,100312.640479375,0.995526644897461,-1.94813733154297,3.09539381347656,2.45661031005861,1.65940048339845,12.3233046992322,311.941930848253,7.73595703124999
2015-11-14,100119.997291875,0.98521463684082,0.384271918945309,2.39741864013671,4.37720782958986,3.61104423339845,4.26535292822487,309.403369371457,15.7898577880859
2015-11-15,99689.26190125,0.74986079750061,1.2100553161621,6.41685819458007,5.71297223876955,4.35591657958986,22.6994854616302,274.564296123704,2.93580261230468
2015-11-16,100351.615145,0.719622424316406,3.04453201416015,5.86311950439453,5.11972102539064,2.69926945800783,12.0967883937808,295.339151507249,4.9318389892578
2015-11-17,101124.191544375,0.942152436828613,1.19852244018554,2.90076642944336,3.46653124755861,2.6184192504883,7.7876386217132,308.808553580832,7.68222595214843
2015-11-18,100983.796048125,0.893614894332886,0.498900272216795,0.632509079589843,2.25005709960939,1.54610337890627,10.0591959850877,299.568670136976,6.1404150390625
2015-11-19,99942.34498125,0.974870591278076,-1.88973546386719,4.89359897583007,3.3786914794922,2.22669185058596,20.2025192294515,286.189715675999,2.8340185546875
2015-11-20,98916.440151875,0.8856579296875,0.336942795410156,0.649853387451172,1.87461388183595,1.01631961914064,5.53311757826786,284.164516507388,7.26066406249998
2015-11-21,99199.902400625,0.755621209564209,-0.501593897705075,-5.06547340454101,-0.519917641601546,-2.64337636962889,24.3034784970244,230.307874605674,0
2015-11-22,102103.5308125,0.112045421600342,-0.0552930273437465,-3.13245865234375,-2.02631649414061,-4.12398931884764,21.33456220875,264.297407411724,0.359968872070312
2015-11-23,103438.34453375,0.64943409072876,-2.3162602746582,-3.86851116455078,-0.453951364746077,-2.21986338134764,5.24591222751232,312.332221673834,5.08302307128906
2015-11-24,103216.994794375,1,-2.9726782824707,-4.03718250488281,1.08682606933595,-0.407160192871078,9.15669579906417,298.236816383567,0.768709716796876
2015-11-25,103454.174055625,0.957431733703613,-2.02840915405273,-1.90109513427734,0.593941550292984,-0.459183911132796,7.69365062516736,296.574349176163,1.10922485351563
2015-11-26,103166.291436875,0.973050489807129,-1.84963887207031,1.71840058959961,0.563922111816421,-0.551995463867171,7.36728297708585,315.231803705033,3.31511779785157
2015-11-27,102589.77767,1,-1.33476626098633,1.74996082397461,2.22451020507814,1.66575080078127,4.77107980206079,315.077421537153,3.96175964355469
2015-11-28,101371.2323075,1,-2.93242318847656,2.6839786352539,2.5320534301758,1.64388720214846,4.78907944016937,313.51184650305,5.57856201171875
2015-11-29,101134.4662975,0.990775094070435,-2.28132037475586,2.68926434204101,2.27274650634767,1.52824783447268,4.54552681478881,317.910041577107,13.0837365722656
2015-11-30,99301.37708,0.973947486572266,-1.58800927612305,5.73019385742187,3.17594684326174,2.3228099926758,5.65702911983616,313.1060771644,3.77374816894532
2016-08-01,100447.27750875,0.580759569778443,3.05141673095703,2.40685491577148,14.3115719506836,9.73563090332033,270.020086404748,305.340561231196,0.143072891235352
2016-08-02,100546.642820625,0.228795249481201,2.09659241333007,1.2667156262207,15.4082708325196,9.80696524658205,210.65343032404,325.813547387665,3.78304458618164
2016-08-03,100559.9920475,0.741607321929932,-0.521129177246096,2.59576921752929,15.137062890625,10.4153616674805,157.723647236812,352.385019664133,9.57033973693848
2016-08-04,100134.69414875,0.712240566177369,1.29533933227539,3.46805198852539,14.8839198632813,12.8888552319336,194.555496553478,342.248118758249,2.5053855895996
2016-08-05,100645.04707625,0.670335216598511,2.32865469360351,2.16390564208984,15.7802867163086,12.0512367529297,229.415724401192,336.27930195557,0.707552947998045
2016-08-06,101217.38689625,0.806913787841797,2.5847905505371,3.65868407226562,16.4188644921875,11.9850085717774,198.958698322069,321.367396508266,3.90780433654784
2016-08-07,101365.346311875,0.292339993438721,3.2992149633789,0.684060598144531,14.6975891210938,8.09687508544924,151.996446882417,321.571536940112,9.26714630126952
2016-08-08,101284.371591875,0.853263012542725,2.10368499633789,3.63475082885742,12.8670499780274,9.75589317138674,208.719976782394,314.701764187903,1.49964385986328
2016-08-09,100380.8315975,0.618752192764282,1.06096524780273,1.88831711425781,12.4818289746094,8.82856891113283,198.537966262759,310.830199269213,0.183949890136719
2016-08-10,100390.120699375,0.686082981033325,0.819324263916015,-1.11381553100586,13.4341767822266,8.88124915039064,214.148545893759,318.322160069079,0.412970581054687
2016-08-11,101261.910235,0.484290229644775,-0.907326496582031,-2.67701750854492,14.3399760766602,6.47614981201174,203.789463080898,318.791332170597,0.0136566162109375
2016-08-12,102371.33869875,0.53455296333313,-1.20975953979492,-3.63020167358398,13.9686868920899,6.40653787597658,256.217684270603,302.910214916307,0
2016-08-13,102740.92529375,0.14456938583374,-1.03443749755859,-2.44960427368164,15.4118826977539,8.43772885009768,245.386787934931,297.319231876927,0
2016-08-14,102148.345178125,0.475085217971801,-0.968609307861327,-2.15107774536133,14.9400622827149,8.66560340332033,257.469923948333,297.607708930938,0
2016-08-15,101294.27517,0.033918445739746,1.07442403320312,-0.415609484863283,15.9778107128906,10.5661880151367,216.636688662377,320.016807768859,0.00698852539062498
2016-08-16,101166.121485,0.551162393112183,0.262440054931639,1.38291426757812,16.5410557006836,11.321083269043,158.722244337158,343.960133266731,0.295002136230468
2016-08-17,100945.45016625,0.934056576919556,-1.44805550292969,-0.765869201660155,16.887093491211,11.0969472973633,139.946191687071,352.592503087395,0.866799316406252
2016-08-18,101417.429891875,0.920671268920898,-0.61866369995117,-1.74590895996093,16.7871271923828,12.2665136694336,201.039954833911,329.899468823494,0.118144836425781
2016-08-19,102030.5024425,0.18788452583313,0.961756539306639,2.60102005493164,16.6216037719727,13.0075757250977,154.983014838552,342.736705430711,0.0534988403320312
2016-08-20,102324.714475,0.884261154022217,0.477473289794921,2.36410179931641,15.3934681542969,11.2241506103516,73.0451274732912,351.629951485473,2.80471740722656
2016-08-21,102223.6055725,0.727679701919556,-0.900664759521482,1.27246490478516,14.9216569897461,12.6678945092774,149.127684395925,344.446968295365,0.126473083496094
2016-08-22,102292.80552125,0.72752350479126,-0.598280030517578,0.989896936035156,16.3272625073242,12.1370918139649,112.230904731745,351.012231288095,0.005870361328125
2016-08-23,102344.368234375,0.995919146957397,0.554391041259767,2.57832306274414,15.8758617016602,11.8723031420899,125.142825283043,355.114971888375,0.679976501464844
2016-08-24,101979.85172375,0.537518914794922,1.48533689575195,3.65726568847656,16.4238811914063,13.503418881836,178.022680565624,329.785244745183,0.0975064086914065
2016-08-25,101674.313676875,0.318852385253907,1.48125255615234,2.47888739990234,15.8337286010742,12.2425575341797,186.941478492873,324.870638119569,0.0180081176757813
2016-08-26,101884.99311375,0.608748784790038,0.71155737915039,1.5388516015625,15.5458107519531,12.3531848754883,193.469772017135,320.762272632381,0.0227825927734375
2016-08-27,102161.885855625,0.905249494476319,0.348611151123047,1.26857870117188,15.6826996313477,11.5913823071289,190.127435297341,329.190579473023,0.01174072265625
2016-08-28,101641.81511875,0.920873625030517,-1.31094563110351,0.508230178222656,17.3833732397461,12.3444739477539,128.844587772615,351.994077223967,5.69872955322264
2016-08-29,100821.290386875,0.971269803619385,-1.89981162719726,0.590590319824218,16.7632146826172,13.0993912451172,49.045898232134,368.32290181696,7.54395477294922
2016-08-30,100835.971045625,0.972189731292725,-2.03692733886719,-2.54255703369141,14.6746863793946,13.4561365087891,97.1161864965718,360.750107089992,5.47898956298829
2016-08-31,101243.9154525,0.794234540023804,-0.958060162353515,0.913122315673827,14.7570904711914,13.6697499316406,105.809073036675,359.470004903551,1.19751708984375
2016-09-01,101406.201056875,0.865209708328247,1.27845802734375,3.73620334960937,15.668626003418,12.6664394213867,35.1441701477662,371.795613601972,3.515849609375
2016-09-02,101004.646045,0.958037535018921,2.47598008544922,3.84449938354492,15.4867172045899,13.0549753271485,128.376855077998,333.899089104516,0.72981903076172
2016-09-03,101749.681093125,0.71812170677185,-0.428125854492186,-0.645570476074216,14.6892671362305,9.59029937011721,156.658896441234,331.185294978291,0
2016-09-04,102072.382458125,0.268244678573608,0.503186555175781,1.8199198449707,15.2823225854492,11.7983612060547,148.7657631011,342.541297143939,0.442510375976562
2016-09-05,102376.459428125,0.577653480987549,-1.15810805541992,0.445565145263674,17.044335546875,13.9635530395508,127.170342673061,361.677483119111,4.74644592285157
2016-09-06,102270.023519375,0.556397144470215,-2.36358848876953,0.833948416748046,17.7624882470703,15.865430144043,74.936576170464,367.358730541533,9.75920928955078
2016-09-07,101635.76651625,0.918948125915527,-2.79362924072265,0.742525477294921,16.437496081543,15.1494316186524,62.2315111315373,374.08648829188,2.79598358154298
2016-09-08,101525.36958625,0.817865711669922,-0.437755959472656,0.773356129150389,15.9240454003906,14.8274729077149,117.412557189284,342.441419727244,0.0532168579101564
2016-09-09,101953.51997375,0.822354619216919,1.20024542602539,2.28513943359375,15.3659732226563,12.7000664306641,163.648105477328,325.981220958274,0.0296075439453126
2016-09-10,102339.652364375,0.34072907119751,0.758085628662108,0.314922124023436,15.7786691235352,12.3363120019531,162.925893701917,324.96330605732,0.0125094604492187
2016-09-11,102403.27613625,0.163886828613281,1.1333553112793,2.82820582519531,15.5157185131836,12.859416538086,94.5443052092816,351.846105009387,0.0806970214843752
2016-09-12,102106.227178125,0.594597247772217,-0.362013800048828,0.884787677001952,15.1584215527344,12.5979264428711,95.1029994126213,362.087492811824,2.07052734375001
2016-09-13,101661.290809375,0.796256006011963,-2.32538932250976,1.69363356079101,16.6005385546875,12.8822689477539,90.5987815018103,345.583657435991,0.785595092773438
2016-09-14,101329.605130625,0.826759130706787,-0.824190895996095,1.05784027832031,15.1320428564453,12.7876901904297,62.9193885782933,361.937923442251,12.515302734375
2016-09-15,100992.94034875,0.996313139953613,-1.79842427246093,-0.188104371337891,14.3991148730469,13.060519296875,87.3131724657524,344.519773010479,4.18221099853516
2016-09-16,101217.803545625,0.688446359558105,-0.0110961181640624,-2.45794905395508,14.0587929199219,11.6456940307617,72.1175715331244,334.326228272682,3.28247741699219
2016-09-17,101339.908751875,0.862111690979004,0.775037380371093,1.16558985351563,12.8036332128906,11.5555603222656,147.680154712863,304.176304426199,0
2016-09-18,102129.427303125,0.230437084960938,2.01832022705078,-1.51419110595703,13.0618334838867,7.79861258789064,134.484254409674,303.544258663494,0
2016-09-19,103122.331308125,0.31503514755249,-0.608337005615233,0.727334262695313,13.352972397461,9.16252495849611,103.789087732895,311.948153542359,0.0625473022460935
2016-09-20,103032.690721875,0.900098164215088,0.92970506713867,2.71457449707031,12.7223369750977,10.347469194336,105.629044418563,328.786085867257,0.135323181152344
2016-09-21,102496.759201875,0.843207218933106,1.31746363037109,3.04084165405273,13.1430729858399,10.4432722387695,87.3262149500503,325.655645961765,0.340218200683594
2016-09-22,101851.36647875,0.804429650955201,0.836754565429687,3.2415685534668,13.3955698217774,10.8141752685547,76.663410999655,344.703786693854,0.0442062377929686
2016-09-23,101686.72325875,0.835855913009644,0.950221247558594,2.93511375,14.1244836401367,12.4993381762695,90.5616721815394,341.029359305771,0.0435845947265625
2016-09-24,101518.171446875,0.674933762207031,0.298526977539063,2.80478908813476,14.28803390625,12.9273993603516,96.9419107653242,334.342012089348,0.83375213623047
2016-09-25,101218.02211,0.614266623535157,-3.41306950927734,2.31209654541016,15.5060590332031,11.9219579711914,24.1558243860357,367.806497613549,9.94422637939454
2016-09-26,101204.54319375,0.942400524139404,-1.78298575927734,1.91111827270508,14.2691159497071,13.5295743872071,50.9578930554079,370.550996795633,7.82128143310547
2016-09-27,101214.100773125,0.9689803150177,1.65459354492187,3.88645809936523,13.7702734545899,12.0066082788086,132.119679242005,276.172968268562,0
2016-09-28,102423.763721875,0.0152611949157716,3.34813846557617,0.470968757324219,10.6672034106446,5.18123071289064,94.801687992757,303.751400516506,0.0572732543945312
2016-09-29,102633.3992525,0.958951892623901,3.22122175415038,5.13281389892578,11.8638292797852,6.91613026367189,51.9794929328416,305.568433832466,2.64139617919922
2016-09-30,101610.801738125,0.655406263809204,4.2095016040039,4.34177334716797,10.7157512963867,6.68649299804689,95.1412913102536,298.065624503085,5.5040853881836
2016-10-01,101504.908604375,0.712204872055054,3.81916251708984,5.67669971069336,10.7393598657227,6.6046324511719,121.324754449227,287.512690025127,0.656689453124998
2016-10-02,100688.76895875,0.133187730026245,4.60681509887695,2.90448154418945,11.0128652441406,3.56236336425783,41.5588912083022,301.941959020097,2.10913208007812
2016-10-03,100298.142236875,0.679154233093262,3.20328756225585,3.77969308105469,9.13248208251955,5.91810563476564,77.1779672629756,272.771643480644,2.70282043457031
2016-10-04,99751.586236875,0.7430467552948,2.36376246704101,3.52602286010742,7.18897469970705,3.94901564697268,82.0398424108542,269.219720582773,0.896955566406252
2016-10-05,100420.205694375,0.478717510147095,3.09099649047851,1.19452342407226,6.81720104492189,3.13206093505861,108.926640176328,249.949328314102,0
2016-10-06,101633.214538125,0.0414997646331788,1.03927223754883,-1.52884208007812,5.82669774902345,2.07456969726564,103.381629031876,250.878223038983,0.0250189208984374
2016-10-07,102452.314721875,0.279143660430908,1.21782478515625,-0.849306442871092,5.06615765380861,1.55170879882814,103.442628832626,252.692681185478,0
2016-10-08,102548.850343125,0.409656878051759,1.48670502929688,1.33950897705078,5.8624869482422,2.93059794433595,90.3455198428103,267.09950372909,0
2016-10-09,101681.96982125,0.682717558441163,1.23439912475586,1.58874469604492,5.98459888427736,3.56811194091799,44.626753358044,306.281424870382,3.23920837402343
2016-10-10,100498.107024375,0.961699194412232,-0.30278260498047,1.82442317993164,6.47507452636721,4.78386224853518,49.8338872880951,307.056269279118,1.85064880371093
2016-10-11,100567.819679375,0.993062277832031,-1.53799923217773,-2.91428224975586,6.19910715576174,4.30857797851565,33.8758870979058,318.225149969893,1.66230102539062
2016-10-12,100768.3409825,0.99466720664978,-1.85295085205078,-5.60838345703125,6.82519333007814,3.29254069824221,57.0289418221017,283.535780728703,0.200151367187499
2016-10-13,100525.062740625,0.661228933029175,0.282544089355469,-4.10050812377929,5.44860936279299,0.972806479492207,80.0435565357693,269.158581167257,1.79792358398437
2016-10-14,99808.8688,0.645378096160889,0.95116016845703,1.09759727172851,5.35074468505861,3.21931707031252,67.0611542315024,296.510345406099,2.55779602050781
2016-10-15,98019.797546875,0.681561225585938,3.07515938476562,1.01153357543945,7.0917887817383,4.04337108154299,52.383986775645,281.813295764648,0.829678344726564
2016-10-16,99471.02775125,0.608970182571411,0.54068978881836,-4.82465651977539,6.37979733398439,1.18373025634768,81.3199877309098,255.147711787974,0.102178344726563
2016-10-17,100461.964664375,0.503231718444824,2.20691228637695,-0.232271308593749,5.27352727783205,1.02493787353518,52.3932113057313,279.557617032721,0.692238769531248
2016-10-18,99603.050133125,0.990461973953247,1.34908921142578,-0.250719519042969,5.27681495117189,2.85298072265627,41.7729993403435,291.662283586692,1.56057434082031
2016-10-19,98994.622045,0.955079549560547,0.844706925048828,-4.80789490478515,3.90201509765627,0.0744124902343936,73.7184683918307,242.574930435817,0.248651733398437
2016-10-20,98476.45325125,0.466282025222779,-0.998150817871091,-1.96106388549805,2.22656691406252,-1.99658352050779,16.1519070848971,293.889423069405,5.93298217773436
2016-10-21,98249.335131875,0.994420073776245,-1.34416776977539,-4.722279765625,1.55440830810549,-1.3359910620117,36.418306114085,288.040857661434,0.758261718750002
2016-10-22,99036.31839125,0.978076697387695,0.264496635742187,-3.24784757446289,2.57870398437502,-0.505879501953105,44.4175767798223,285.698169300876,1.09197998046875
2016-10-23,101127.612155,0.634974232025146,-1.49516003173828,-5.61678422241211,2.62329681640627,-1.95077550292967,69.4307858714659,218.061395479399,0
2016-10-24,102663.2342,0.0253526219940187,-0.184749331054685,-3.81801412353515,0.568365878906269,-4.96568144042967,65.1923321337725,242.566220749994,0.0314276123046874
2016-10-25,102554.654098125,0.666032714996338,-0.203766031494139,-0.0503651354980463,0.636576401367207,-3.54273551269529,50.7343162452181,283.556695921341,2.37116638183594
2016-10-26,102080.00347,0.893732551422119,-0.761520078125,0.33476615234375,2.59570807617189,0.374695344238295,9.69682906078904,336.234330238067,5.82293945312499
2016-10-27,101016.26616,0.880768501586915,1.4522987915039,4.11249387451172,7.14816633789064,6.61782472900393,31.6537327393636,309.004317660071,3.17660217285156
2016-10-28,100883.1129125,0.957284761276245,-0.490606546630859,-0.145780440673827,3.66719731445314,3.29801705566408,29.0869828280451,304.728297120787,2.34224853515625
2016-10-29,100758.2454125,0.70090866394043,0.132000242919921,2.26214189697265,4.34919017822267,3.05293208496096,24.5955838756847,308.802088160886,0.746181640625001
2016-10-30,101059.848675625,0.88838727432251,-3.67132791137695,0.82359401977539,4.23725343994142,2.79698679687502,21.1132948495991,312.902156169513,0.192283325195313
2016-10-31,102323.52944625,0.899407622528076,-1.37768834716797,-0.410551889648436,4.24821032714845,3.06737990722658,14.009149439148,332.86290339518,2.7851611328125
2016-11-01,101550.618838125,0.983045228729248,0.595403739013669,5.36354624389648,6.83989031494142,5.59742672363283,18.0152180734558,320.888382454657,3.26746276855468
2016-11-02,100474.49717875,0.911542166519165,1.20072287475586,2.27676293701172,5.17228062500002,4.33587956542971,34.3553699513499,289.85928096209,1.17588073730468
2016-11-03,100048.865074375,0.875683928451538,0.531216906738279,1.96498026245117,2.97497856933595,2.04830364257814,11.2334505050833,308.396390881469,9.96679748535157
2016-11-04,99359.189119375,0.808655998992921,-0.734989735107424,1.64890737060546,3.09871890625002,2.42103975097658,24.6902469534745,289.035077874432,0.266057739257813
2016-11-05,100133.90327,0.857886438369751,-0.00215296142577848,-0.706688214111326,1.32566793457033,0.603514931640643,36.5019007513264,254.832866032133,0.0186877441406251
2016-11-06,101956.39187125,0.742813236465454,0.186487762451173,0.098415760498047,-0.712938522949203,-1.74797929443358,7.80467494164234,318.179386667483,0.694457397460938
2016-11-07,103099.37490125,0.94710963432312,-0.133907493896485,2.45711567260742,4.39227117431642,3.78268586669923,19.386634242569,316.18344923672,0.122608642578125
2016-11-08,103153.761480625,0.908999336395264,1.54938018188476,3.67155233520508,6.0599772192383,5.31986175292971,26.6621971926811,284.582892419379,0.213085327148438
2016-11-09,102616.325955,0.372046919631958,2.47658514892578,-0.788479836425781,5.10764769775392,2.60980227783205,34.0500208440181,264.77620309504,0.0296075439453126
2016-11-10,102924.886584375,0.563252831954956,-0.0167343859863264,-4.07230853149414,3.71075177246096,0.0448549414062699,11.3207483706507,313.269727477165,0.2872314453125
2016-11-11,103283.862909375,0.978783300323486,-1.15469423339843,-1.88682216430664,3.28092855468752,0.694443598632834,12.9410116225401,297.388962696826,0.318376464843749
2016-11-12,103084.7748175,0.714913863601684,0.0323021423339873,-2.28807263671875,1.43184895507814,-0.772016867675763,15.5274905935806,285.373849652073,0.138860473632813
2016-11-13,103119.435154375,0.849911812820434,0.303421917724612,-2.07003879272461,1.50469258789064,-1.49456907714842,19.8293206645211,283.048015567063,0.0750567626953122
2016-11-14,103136.767393125,0.964254141845703,0.231882270507811,1.48548894042969,2.00361448242189,0.69199349365236,5.91092793416744,320.715456411823,12.0575616455078
2016-11-15,101156.3642525,0.974555921783447,1.46952650390625,5.20533295532226,4.63234425537111,3.85025603759768,25.9140175449293,254.396459193156,0.138860473632813
2016-11-16,99987.376280625,0.568901800384522,2.88200685058593,1.86367917602539,1.42365958251955,0.0487909008789228,28.4866383875146,222.911705357274,0
2016-11-17,99723.054768125,0.106415936813355,3.64721021850585,1.40639737670898,0.131798671875013,-2.31111771484373,19.8761439961875,254.479606067592,5.06945190429687
2016-11-18,98582.622098125,0.987288765869141,-1.45289762939453,-1.64920678466797,-0.790124243164049,-2.01426638427733,6.40423786422599,294.694625274863,15.4086358642578
2016-11-19,96915.092485,1,1.44979907348633,-6.57691737792969,1.02241090820314,-3.2568018408203,26.92739792896,224.290904871796,0
2016-11-20,99224.298148125,0.33210758644104,3.15456005981445,-1.59714845458984,-1.48748280517577,-5.36747099121092,26.3205150611014,214.307993067264,0
2016-11-21,101175.726471875,0.43298860748291,-0.0353721923828096,-1.89917392211914,-6.04256797119139,-7.6166388745117,14.895917956635,263.620100864951,3.278779296875
2016-11-22,101678.97660625,0.978012818450928,-1.94984537353515,0.0080301928710918,-4.10068502685546,-5.24251709960936,10.3545326514995,283.633347035101,4.94184509277344
2016-11-23,100376.4146925,0.704630271759034,1.881594375,1.63322844970703,0.783748476562511,0.0172449340820431,5.50443041799536,311.239023362344,15.9392852783203
2016-11-24,99391.0300525,0.990610704650879,-0.672415517578127,2.5864457824707,2.73670992187502,2.14012039306642,8.19572144103096,299.234889869282,3.32185974121094
2016-11-25,100809.994915625,0.786859600906372,-0.413012868652343,-3.46310517456055,1.76617669433596,-0.00992960205076276,7.77329504157696,290.34641276099,4.72035095214844
2016-11-26,101322.12766625,0.999810259475708,1.37883226196289,2.99867853149414,1.86039316162111,0.724978439941422,1.90760513593016,340.960399567082,16.2502014160156
2016-11-27,99936.9921575,1,0.941336420898434,4.49918781249999,6.00909443847658,5.81304385742189,2.84850910102815,322.178743363413,12.9862200927734
2016-11-28,99250.28172,0.84724342124939,0.981474681396481,3.86963859252929,4.48559822265627,3.9980916333008,11.4292164806181,296.866166317887,10.4582653808594
2016-11-29,99065.60064375,0.910192875823975,-1.71006702636719,4.99088197265624,2.61105171875002,1.75950641357424,10.0837416357069,311.953464118268,9.01858032226563
2016-11-30,98666.635030625,0.887550053329468,-1.37385786499023,1.57112806152344,2.75282267578127,1.9801112036133,3.6764696984748,323.443457821937,16.6218048095703
2017-08-01,101176.401559375,0.555788589706421,1.93567924072266,3.13023694213867,15.3130723925781,10.9561125683594,176.190183729182,332.363164711829,4.71294532775878
2017-08-02,100830.13796125,0.453932509002686,2.84992296386718,2.79448641235351,14.5925362524414,11.1023251831055,134.42210023896,336.097077190083,8.48940818786621
2017-08-03,100347.88928375,0.884989523544312,-0.621125621337893,1.84508928833007,14.2115753295899,11.9631505737305,165.411304382608,349.783934713049,3.35312675476075
2017-08-04,99922.40390625,0.722925340118409,1.9842544555664,0.777975677490231,14.6138062304688,12.3913347998047,179.352318971665,343.866669595927,5.55112152099611
2017-08-05,100534.3369075,0.674769477767945,1.63665989501953,0.535251201171872,15.4286588208008,12.7986458129883,161.693201039529,327.238391597231,2.37875854492188
2017-08-06,101018.526735,0.63460625366211,2.5482424633789,-1.12596488525391,13.4177997558594,9.5719625292969,180.406646541282,321.755700075287,0.0372611999511719
2017-08-07,101678.578321875,0.789451696548462,0.659456967773437,1.43139947143554,14.1719176220703,9.37670445312502,166.745032624246,340.858471306665,1.44282241821289
2017-08-08,101401.555176875,0.93898335975647,-1.71196154541016,0.313879661865234,15.3814209570313,11.5441885351563,54.0284325375406,355.165018448536,13.946081161499
2017-08-09,100280.431660625,0.953017676849365,-2.07633130737304,-0.723993188476563,12.6054217578125,10.5546232080078,140.907943052238,341.762510218073,5.22025077819824
2017-08-10,99809.6245425,0.858477485046387,1.47720776245117,3.59416518432617,13.3939053247071,11.1650788427735,121.592165318061,345.557725000675,7.45894813537597
2017-08-11,100172.301166875,0.919935809173584,0.788185402832029,2.70473821411133,13.2566904345703,11.935184897461,166.798233672186,342.941777240007,1.03196044921875
2017-08-12,100481.289419375,0.676812454528809,-0.529531943359376,-0.8632620703125,14.3431494775391,12.055291381836,155.058234249112,336.977801857846,2.98190338134765
2017-08-13,100672.219233125,0.923708763885498,-0.209186556396486,0.265183924560542,14.0223117016602,10.4134073095703,148.272736667237,339.51943699282,3.76736999511719
2017-08-14,100807.678171875,0.795240913467407,0.23431698120117,0.614200692138669,13.654186538086,11.0743851855469,106.613537583133,335.083385102459,1.41779083251953
2017-08-15,100661.8504475,0.479813010177612,2.67820126831054,3.02186703125,14.1104616601563,10.600593569336,227.795382453034,301.60729970086,0.0674853515625002
2017-08-16,101509.884971875,0.181729908752441,3.18223320922851,-0.0968061010742198,15.2589269360352,8.73946171386721,221.176475390298,308.704478002652,0.000733795166015625
2017-08-17,102149.611916875,0.909194506149292,0.410919604492187,2.18966263305664,14.9670257641602,10.2361994628906,115.308960418639,359.701800021959,3.52281311035156
2017-08-18,101871.69361875,0.954961589431763,-0.419395959472656,3.02866580566406,15.5129820800781,12.7585891552735,159.841968031904,351.359959995325,4.59521621704102
2017-08-19,101427.132014375,0.855898034286499,0.78073498901367,1.73386214721679,15.2775298730469,13.0055954174805,78.1012906712989,363.334132728562,6.86680618286133
2017-08-20,100595.928970625,0.915766585464478,0.496495065917968,-1.89568781494141,13.4041181640625,11.6501949023438,111.811903042196,335.682221869446,1.77741912841797
2017-08-21,100466.27118375,0.619089876251221,2.67446559570312,0.0254240136718745,13.9981918334961,9.55135720947267,182.258307163572,315.168641179118,0.0623391723632812
2017-08-22,101188.146423125,0.765821171798706,2.72846019042968,1.68752178344726,14.4628202368164,9.24535001708986,104.233264643211,348.886289280872,6.12065704345703
2017-08-23,101036.319515625,0.942440240402222,1.44599270141601,3.2276501977539,13.8713853442383,11.6218616333008,216.443714034008,311.517660775374,0.0398226928710937
2017-08-24,100655.5140075,0.596656436538696,1.54557185791015,1.21557541427612,14.3329532739258,9.86606697265627,163.53274433275,328.547922514054,3.6079493713379
2017-08-25,100243.05675,0.931713662643433,0.402033582763669,0.278605302734372,13.6453744824219,10.8702342309571,187.111608447802,315.727059471443,4.71333587646486
2017-08-26,100634.379653125,0.411172421035767,1.64396271972656,1.23083185913086,13.2352692944336,10.6896206640625,182.687220790372,309.299793230138,0.469161834716798
2017-08-27,101055.49348625,0.487999180221558,0.71970372314453,1.04379826293945,13.4808367651367,10.6181646728516,172.533750468098,316.774179695449,0.128901977539063
2017-08-28,100715.811525,0.908438809585571,-0.876025950927733,-2.65530552856445,14.0619550048828,9.08818508300783,139.87152409854,317.37884721594,0.0562925720214842
2017-08-29,99890.074221875,0.999858744430542,0.276349274902343,-5.62074795776367,13.7472384008789,5.42899904052736,110.209271547063,319.1667332829,0.377496185302735
2017-08-30,99400.099341875,0.923355262832642,1.88199017700195,-2.89880450805664,12.4544633178711,6.11602195068361,117.629220342648,317.301484043172,0.505065002441408
2017-08-31,99687.993394375,0.649750600585938,2.12727400390625,0.0737427868652331,12.2901651831055,6.93874406738283,190.742335703119,293.848870313309,0.167694091796875
2017-09-01,100118.892941875,0.28123887008667,1.66187226928711,0.751322203369139,12.2992623828125,7.67459183837893,193.353690280218,295.576558949607,0.0200140380859376
2017-09-02,100727.724544375,0.218405457229614,0.586667291259767,0.701767075195311,12.3984651782227,7.80916604003908,156.03246845433,315.420943075493,3.04490509033204
2017-09-03,101403.68231375,0.589478291397095,-0.826483928222655,-1.26718878173828,12.3747663183594,9.72847479248049,129.547468710386,332.821244624658,1.29376068115235
2017-09-04,101967.939906875,0.570770984191895,-0.960538737792968,-2.19553741333008,12.4235718041992,10.0480392407227,157.878775834059,308.005603700508,0.116693725585938
2017-09-05,102271.456181875,0.387965956878662,0.897922985839843,-0.883309559326171,13.2223926855469,9.43923356201174,173.219676626652,306.858915630068,0
2017-09-06,101906.502543125,0.446369396438599,1.0629855871582,0.93241956298828,13.8054747314453,10.2618473266602,184.14758460225,302.426296894054,0.00347351074218752
2017-09-07,101369.895760625,0.557714873657227,1.97386563354492,-1.60681320922852,13.9223330175781,7.44685116210939,139.196583180563,308.942630185489,0.0154446411132812
2017-09-08,102017.467515,0.76652671836853,0.0222968420410163,-1.12884028564453,12.6514086938477,6.11536857177736,158.664877601795,304.567422510748,0
2017-09-09,102556.480980625,0.921211450881958,1.30346861206055,2.03577021728516,12.9194982983399,8.30794391357424,173.598010360146,295.310984406052,0
2017-09-10,102296.159561875,0.398805818862915,2.15080314697265,1.51991128295898,13.2203613867188,8.94641343994142,154.877730608946,306.146465984554,0
2017-09-11,102461.791338125,0.760669123001099,2.01438919677734,-0.0165088085937507,13.864002631836,8.03292563476565,161.254813519767,324.141066583786,0
2017-09-12,102149.952335625,0.264640919876099,1.31132634887695,1.53971362304687,15.4763451855469,11.233051640625,170.146058271529,300.701425175283,0.0125094604492187
2017-09-13,101607.642328125,0.14164205657959,3.62547735839843,1.49667518310547,15.417065522461,9.47156489990236,172.826039787435,275.567441252078,0
2017-09-14,102137.81036875,0.201190580596924,1.90441368286133,-1.07171416625977,12.3441115576172,4.60422866210939,163.083733764876,284.850920532441,0
2017-09-15,102380.22867875,0.0685939833068849,0.91758392211914,0.541749796142578,11.7470883740235,6.41387920898439,158.931472115361,289.919108141031,0
2017-09-16,102432.697343125,0.225157464065552,0.540334202880859,0.0968207482910128,12.3723682226563,8.54746228515627,132.020920876768,310.199786987414,0.0640148925781248
2017-09-17,102298.300375313,0.744517542877197,0.175266057128906,1.83173716796875,12.1575562939453,9.35630126708986,106.789251180541,318.364349446821,0.127818603515625
2017-09-18,101863.6729525,0.41352466003418,1.53336782348633,2.6102315625,12.0147134863281,9.41977171630861,123.395806046142,316.312149872899,0.0925073242187497
2017-09-19,101726.13686375,0.928925236282348,2.94885077514648,3.73520624633789,13.4209200683594,9.31235216064455,70.7756010425352,326.862863788676,1.52614440917968
2017-09-20,100880.33231375,0.471323415908813,4.47640365966796,4.4834200024414,13.0387794335938,7.67484059082033,104.763412012155,293.185210932103,0.100897521972657
2017-09-21,100965.77537125,0.744906237869263,5.31016805419921,3.17470480834961,11.6853882739258,4.77633247314455,129.795813748895,291.158057630846,0.0504486083984377
2017-09-22,100283.268638125,0.206749987487793,5.36401262573242,2.03213800415039,12.3043232177735,4.59126211669924,134.408409458594,273.047340213228,0
2017-09-23,101170.019601875,0.185530285873413,1.07530466430664,-3.89912999389648,10.556983515625,1.07326322998049,128.41317838373,264.511093380951,0.10007568359375
2017-09-24,102329.373519375,0.491195166854859,-0.0894376989746092,-1.42409286376953,8.27358255859377,0.191569995117207,94.2092214753794,305.0549330947,1.22826171875
2017-09-25,101435.18255375,0.501040531311035,3.12915871948242,3.41967802368164,9.74423631347658,5.24512967041017,123.899703705807,272.367562793251,0.677884521484375
2017-09-26,99948.30972125,0.424154380264283,1.718754375,0.640293659667967,8.32054671630861,3.51843763427736,77.5791136699201,291.714310353564,0.755493164062501
2017-09-27,100173.913891875,0.754576019744873,-1.17826026977539,-4.74236598876953,6.67903308349611,1.94276988037111,85.6079691548732,284.76981027951,0.142745361328125
2017-09-28,100825.203155625,0.651876759948731,-0.490410114746092,-2.98679047485351,7.01469963134767,0.598222944335959,106.975768685257,278.537857510195,0.898392333984374
2017-09-29,101096.75432375,0.575091902923584,0.416559791259765,1.00286202148438,7.25252607177736,2.02472891845705,18.1071817744179,345.295265004172,20.8394250488281
2017-09-30,100360.161638125,1,-2.71984867797852,4.87634044311523,8.86377314941408,8.30553791503908,33.9748011964213,341.072228861052,4.71991455078126
2017-10-01,101142.179244375,0.840385878753662,-3.2432258605957,0.392829908447265,9.35424164794924,7.76719152099611,81.4764183721425,315.282688901936,0.405202026367188
2017-10-02,101943.475480625,0.927358067626953,0.47201545288086,0.138045133056641,9.88263826660158,6.81370101318361,40.4086482946693,323.784575805567,2.975791015625
2017-10-03,102619.07877625,0.782998120498657,-0.870934766845703,-0.825486625976562,8.68429095947267,7.41678101562502,63.5354651614343,297.083144256326,0.12302001953125
2017-10-04,103315.847713125,0.631702025375367,0.569664042968749,0.611083898925782,6.64101515869142,4.6038951074219,81.5106363156533,290.800712097373,0.0250189208984374
2017-10-05,102621.079718438,0.830290614776612,2.41148529296875,1.49378487915039,7.47865821533205,5.11066538085939,104.959422846863,277.859305097194,0.0360162353515626
2017-10-06,101739.922569063,0.499349348220825,3.15874987792968,2.03495137939453,9.15311567382814,5.64917321044924,27.8841798143949,340.774954180507,5.18000854492187
2017-10-07,100727.180861875,0.875640075454712,2.47832483276366,1.74950568847656,9.92788055419924,8.8926934301758,67.0087517610592,309.06659674926,0.192371826171875
2017-10-08,101115.942533125,0.544580891723634,1.37753017456054,0.813407874755857,9.05896418701173,7.09835517333986,28.0520645552994,343.473968815639,5.54755859375
2017-10-09,100602.96751375,0.980584751815796,1.48063992919921,4.821612890625,10.8901459545899,10.0686990332031,9.66444033144913,366.949670655893,15.6012060546875
2017-10-10,99577.272228125,0.999516798477173,3.08835579833984,6.33833120239257,12.8740775927735,12.2247598901367,14.0604439988701,346.804873717234,13.6302526855469
2017-10-11,99092.605166875,0.888118946151734,2.1274271105957,4.89643482421874,10.7548010253906,9.9654566699219,41.07930548082,292.932819672796,5.44399291992189
2017-10-12,100066.233194375,0.513433120193482,2.93314419799804,-2.63892095092774,3.91093543457033,-0.366831379394511,94.9206923953119,226.110963727431,0
2017-10-13,101301.73127625,0.39017272064209,2.2653657421875,-1.22516520263672,2.6730749536133,-3.26898361083982,90.3145993203609,235.733212429287,0
2017-10-14,102301.338935625,0.285200329360962,0.518163227539064,-1.68901406616211,3.18809942626955,-1.15805461181639,47.3233715495748,299.221978940493,2.08867431640625
2017-10-15,102202.164605625,0.906174855728149,2.85157522216796,4.38976541381836,7.02352076171877,4.66847851806642,53.6919486263534,300.650994141183,1.01328308105469
2017-10-16,101334.3797375,0.447806418380737,3.94698203857421,3.76536715332031,9.66506031738283,7.31635129882814,79.752998771379,267.390314885983,0
2017-10-17,102230.468358125,0.670338053894044,-0.336258131103515,-0.121530145263672,7.0843220239258,5.15960416748049,37.4582609480208,305.885117098771,0.0500378417968748
2017-10-18,102445.08003625,0.717699829025269,1.78001516845703,2.2426675390625,7.27107205810548,6.56665927490236,41.2799944768442,320.872481067662,0.21490478515625
2017-10-19,102547.879719375,0.931573122253418,0.683912454833981,1.10372407348632,6.76261533691408,5.86249143310548,19.2069746909944,340.42375738561,0.944646606445312
2017-10-20,102565.0438025,0.946320251846314,0.247027139892579,2.90885172241211,8.8302510083008,7.83473297363283,25.6967459177052,342.267071462689,0.383206176757812
2017-10-21,102470.047929375,0.999903872833252,0.216797515869142,2.02233947631836,8.66031938720705,7.66301154541018,19.3475942563111,344.644054329695,0.510853271484375
2017-10-22,102362.676506875,0.995790566558838,-1.27145038818359,2.14620277832031,8.18337704101564,7.09695684814455,17.0831984904157,348.016511809256,1.51766174316406
2017-10-23,101969.596984375,0.966668210372925,0.434223530273435,4.83392532104492,10.0775192260742,9.41165629150393,23.3875639157228,313.886284297174,4.09338928222656
2017-10-24,101643.23081,0.616045400161743,1.87110703002929,3.69011812255859,8.98697619384767,8.09365624511721,37.5651977992679,284.714787365545,0.420927124023437
2017-10-25,101189.903431875,0.586733222808838,2.91082760131835,3.92792069702148,7.62316390625002,5.61946604980471,55.7317277009435,287.106210523763,0.186285400390626
2017-10-26,100872.461700625,0.426655097351074,4.27907966674804,4.61192486206054,9.78505388671876,6.94474781982423,51.9947848978293,277.131487871904,0
2017-10-27,101582.73840375,0.92524194480896,4.22115121826171,3.15568605957031,9.15213692871095,5.96204519531252,60.4812440142983,250.482240482072,0.00347351074218752
2017-10-28,101473.63064125,0.0786477653503415,5.14024666748047,-1.1062921472168,7.21912572021486,-1.89306965087889,58.6225571426304,225.515787640637,0
2017-10-29,102633.899739375,0.113812704391479,1.17345611328125,-2.13029745117187,2.56985795410158,-3.32042385253904,38.1484305421181,256.222723676236,2.57160400390626
2017-10-30,102003.643591875,0.834444275360107,1.74047057495117,2.26611405273437,2.15416016845704,-1.23088344970701,28.3369296402121,300.117907514015,0.409673461914062
2017-10-31,100492.92075375,0.999003757705688,0.520239550781248,2.58509679443359,4.51230876708986,2.42583601318361,16.058855384318,313.505693971883,7.92066101074219
2017-11-01,98146.084571875,0.998405579757691,-2.89981572753906,3.62582031127929,3.95341942871095,2.76588854248049,7.05587330892432,317.022780970905,16.9358441162109
2017-11-02,96431.3195525,0.932686256484985,-4.38328487426758,4.64645637207031,4.78359852050783,3.92414633544924,18.5992847123087,306.401510635519,14.0350769042969
2017-11-03,96751.705465,0.952695944442749,-3.32024072875977,3.82656959960937,5.25683625488283,4.41288719970705,13.9997665683767,310.997824039839,10.7634838867187
2017-11-04,97642.522415625,0.775772168655396,1.06760303466796,2.78272009033203,5.17403994628908,4.60449290771486,46.5553699236151,246.367565308216,0.428256835937498
2017-11-05,99073.6322075,0.552799849090576,2.5414447277832,2.05298306274414,2.36367564208986,-0.100309492187483,33.2618672844112,258.622701024036,0.325245971679686
2017-11-06,99473.97961,0.797118476028443,1.54441163452148,0.340157476806641,0.427445922851577,-0.458300366210923,28.4758219172479,264.82767519544,0.0575616455078125
2017-11-07,100170.1884125,0.74594456199646,0.571194625244142,-0.987230794677733,-1.80724716064451,-2.78370927490233,34.7510358268903,237.943946110368,0
2017-11-08,100916.85374125,0.527983638305664,0.850297770996095,-0.380241591796874,-1.69781276611326,-3.02045233642576,23.1040563414434,281.955311240584,0.3732470703125
2017-11-09,100895.703485625,1,1.64519432128906,2.24631688720703,1.93535226562501,0.995671059570327,7.44789071167488,311.772989870684,2.82495300292968
2017-11-10,99722.4564575,0.520654119873047,3.70270733520507,3.93889376953125,5.70879126220705,4.91005799560548,21.4153140618068,292.634732429575,12.0963940429687
2017-11-11,98830.124336875,0.96305751739502,0.576795167236325,6.96103664794921,5.68064455078127,4.88061467285158,16.6998184772174,324.431747370355,18.5199127197265
2017-11-12,98122.95714875,0.78100578956604,2.09040143798828,8.0494964489746,7.57938265380861,6.41843361816408,20.834562147713,308.332860237165,6.12839538574217
2017-11-13,99647.72173625,0.652619668807984,1.39359533691406,4.40382474121093,6.30921714599611,5.4071736645508,19.0226744299421,298.789457611259,6.52631958007811
2017-11-14,100438.32391125,0.723351950836182,1.34986625,2.82466098022461,4.39377352783205,3.56163946044924,14.6246490743439,310.132391692619,2.55868713378906
2017-11-15,100589.803509375,0.920099735412598,-2.20964471679687,0.462428103027342,3.66696074462892,2.77595094482424,6.18537500793241,337.400471457214,14.032880859375
2017-11-16,99742.3791575,0.999968079910278,-4.17649552246093,-0.519591995849612,6.41292930908205,5.94455066650392,6.80308193124023,336.124605832245,7.7157763671875
2017-11-17,100352.896328125,0.892017396011353,0.088589639892575,4.63555918579101,7.19577084716799,6.5427325708008,10.6023633198186,314.115307505447,3.42708984375
2017-11-18,100938.3439675,0.986413745040893,-2.34080454223633,4.46349483520507,5.04278729003908,3.03331055908205,3.74480460775424,332.93250882253,8.01971435546875
2017-11-19,100625.37972,1,-3.34895635498047,2.25270694580078,5.45602516845705,4.82935964599611,4.74384141164871,340.60006452355,11.5354223632813
2017-11-20,100477.825725,0.973848290939331,-2.2349248425293,2.35398838745117,6.74621521972658,6.19327248535158,3.34499722256056,341.22895864292,6.67092407226563
2017-11-21,100861.676171875,1,-3.19744204467773,-0.133756768798828,6.15300461181643,5.71926457275393,3.32444896312688,335.507660271632,5.29582641601563
2017-11-22,101406.25529875,0.99650564994812,-1.89293175537109,1.25103993408203,5.79731689697267,5.27826118652346,4.87334323273072,316.811696719281,9.54759460449219
2017-11-23,100999.85774,0.945927150878906,1.4868497680664,2.96659765258789,4.70717951416017,4.1070105004883,13.3772961504494,262.577066209877,0.328181152343749
2017-11-24,101093.75464,0.587973409881592,2.57920680908203,0.153849085693359,1.68912478759767,0.0896959375000143,21.5381257519104,239.070046099166,0.12802978515625
2017-11-25,101127.80307375,0.370531016616821,2.81371357055664,0.705185477294921,1.25559513671876,-0.544503737792956,21.3557400383324,221.570597681196,0.0250189208984374
2017-11-26,101121.824569375,0.545197468795776,0.529297125244143,-1.12149964477539,-3.35873271728514,-4.54307549804686,11.1100168300134,268.9064506486,0.0559082031249998
2017-11-27,100801.30958875,0.992698013076782,-1.10266084106445,-1.3652301171875,-3.46754302490233,-4.48838545410155,4.82555658288496,301.93666930344,10.3932611083984
2017-11-28,100045.24665,0.990752198562622,-3.56568017456054,0.7831196496582,0.597064282226577,-0.234813669433579,7.31280619626168,308.01936559196,7.93387145996094
2017-11-29,99199.76542625,0.952344468231201,0.547392866210936,-0.564905603027344,1.37718342529298,1.02407018310548,7.45409539097232,282.239894962633,1.58852844238281
2017-11-30,100489.68740125,0.677994026565552,2.4736559375,-3.00437910644531,0.739718129882831,-2.33704024902342,7.28922386382192,275.018045534355,1.37712463378906
2018-08-01,101950.236888125,0.335272061080933,1.20796177001953,2.76881226928711,19.006724741211,14.0739560644531,197.500088524389,339.791986793179,0.103203048706054
2018-08-02,101937.743368125,0.594384392318726,2.66116663696289,2.47103073730468,19.1030177636719,13.1624890283203,219.117447729891,343.533830409382,0.0910778045654295
2018-08-03,101687.59507625,0.818807287521362,1.49543826293945,0.458568867187497,20.1984382910156,13.8121328930664,245.003990795602,340.181136137679,0.117648658752442
2018-08-04,101315.6575175,0.642602845611573,0.175178204345702,0.35393603149414,20.1740737133789,13.3700648242188,160.796230214522,355.760395661186,17.3290175628662
2018-08-05,100606.94906375,0.741855401382447,1.22381472167968,-2.55193682739258,16.2357218237305,12.3500395336914,282.019097884798,298.041468541218,0
2018-08-06,101596.125481875,0.242588027496338,0.35437587890625,-3.14765389404297,16.6487351782227,6.81283437500002,243.94687567141,324.917778428902,0
2018-08-07,101499.79979125,0.64594545173645,0.642481901855468,0.454079948730465,17.9995545996094,11.5549550512695,200.570708421308,338.718573037687,0.324711227416993
2018-08-08,101155.192653125,0.619137811813355,1.24936300292969,1.02490365722656,18.1036433935547,12.4519640600586,224.041025730124,338.703486761516,0.0589876556396486
2018-08-09,100695.976435,0.400861574783326,1.20633837036133,1.3180650036621,19.0359072021485,12.7211704492188,149.681061386322,350.466062354421,0.505081100463868
2018-08-10,100912.98321125,0.924351904373169,-1.68429326171875,-1.46360896728515,16.8963813793945,11.1639290136719,134.313325166137,356.797296155456,3.95986473083497
2018-08-11,100700.029570625,0.870702575302124,-0.410193261718751,2.25565736694336,16.6139996459961,13.3257687890625,177.737741288145,346.961420506574,3.78205116271972
2018-08-12,100185.14904375,0.737693107681275,0.973795900878903,2.46525690673828,16.5893068481446,12.8039344042969,210.166701487962,328.624720590724,0.432436904907227
2018-08-13,100327.29443625,0.415712838363648,1.81728410888671,0.834894826660152,17.2431081030274,12.6374609985352,202.097004061829,336.604911677992,0.753981475830079
2018-08-14,100844.229739375,0.78946467704773,1.24445004638672,2.99947281005859,17.5588904199219,12.4227700195313,43.1302020626079,367.745225694376,16.8156164550781
2018-08-15,100322.394995,0.601867150650024,0.51959171630859,5.48282861694336,15.5490032177735,14.1672756494141,152.244412187726,324.684914570129,12.1942434692383
2018-08-16,100317.227038125,0.558051891326905,2.724731015625,2.56682041625976,14.0919096679688,11.0544224487305,242.779045801005,294.317546770557,0.0434403991699219
2018-08-17,100984.379963125,0.0508322875976563,3.87824635498047,0.619442675781249,15.5195524731446,8.07925614501955,229.172078857326,316.06820186988,0.121769256591797
2018-08-18,101442.220319375,0.733537114486695,1.14612786743164,1.87050071899414,16.0196820336914,10.7237746923828,145.484244374713,363.046177629923,1.55840621948242
2018-08-19,101021.338449375,0.950503329315186,-0.874385939941405,3.52043162231445,18.3393068652344,13.9527161523438,96.7257107821674,373.986261719753,17.7133369445801
2018-08-20,100610.58941375,0.999590559768677,-0.229492452392581,1.05497010864258,16.5109085375977,15.3625146923828,81.685901913219,383.382281879019,11.2889443969727
2018-08-21,100022.619975625,0.999855634536743,-1.87142086425781,-0.251719610595704,17.6006909497071,16.2688212548828,100.290957053126,380.306340798788,14.4228436279297
2018-08-22,99967.03213875,0.838154242172242,-0.161964020996096,2.76383928344726,16.5370612548828,14.8709537426758,168.956329979203,342.585134758138,2.70898071289062
2018-08-23,100709.10866375,0.702909775238037,2.13556411743164,4.93723387329101,15.1344903344727,11.5288289575196,173.641069544989,331.173034478903,0.545521240234375
2018-08-24,101172.517118125,0.816091311798096,3.46246859863281,2.67851832763672,14.7800264257813,9.59189104492189,187.59363921146,313.584767129234,0.281905212402343
2018-08-25,101319.780440625,0.567927686538696,3.44285567871093,3.82066052001953,15.1687290893555,9.84407340087892,204.484619458426,314.917995696975,0.177426757812499
2018-08-26,101278.94317625,0.448171008758545,3.68689025146484,2.47119549560547,15.4776228710938,9.79446647216799,216.494773690109,302.846857546017,0.0696551513671878
2018-08-27,101487.91862125,0.538082703704834,0.727855968017578,0.484271341552733,14.3393995507813,8.89246048095705,146.596632249819,327.533424026713,6.15190765380861
2018-08-28,100377.224702187,0.695167984848023,0.641472291259763,-1.04809224975586,13.2111555688477,8.59030527587893,137.475933830677,304.035909571915,6.23143463134766
2018-08-29,100748.25387875,0.45150436088562,0.433714521484377,-4.44016772583008,11.7432956933594,4.13619679199221,182.79244813111,290.830403820254,0.0313442993164063
2018-08-30,100986.072868125,0.310951953353882,1.63945865600586,-0.31904430419922,12.3569149804688,5.96643050781252,190.052372331171,290.462575564545,0
2018-08-31,101243.143494375,0.469173887786865,1.71667693603516,0.122893143310546,12.9012357446289,7.33623333984377,194.690062906111,313.68018682898,0
2018-09-01,101608.45570125,0.585184952468873,2.22711693115234,0.179136062011719,15.2567024291992,9.61339471191408,175.231716451747,315.595879191693,0.094032897949219
2018-09-02,102050.920575,0.366521024551392,0.841702905273438,0.144036656494139,15.0916298046875,10.7227053588867,131.606663718882,334.822011683351,0.0214816284179688
2018-09-03,102489.65867,0.65201811958313,-0.416683540039062,1.84224203613281,14.8537052856446,11.6610347216797,73.5362187374641,349.180377947723,0.307989196777344
2018-09-04,102500.7832275,0.630719915466309,0.355853116455078,1.87658942749024,13.5209455859375,11.3176346533203,158.546708043391,341.765716024351,0.612307434082032
2018-09-05,101795.262309375,0.636392066497803,0.504292663574218,4.32540499267578,16.2963717456055,13.300383425293,187.725234542916,320.902116375749,0.499642333984374
2018-09-06,102002.131583125,0.0639747901153565,3.21073329467773,0.0628705908203122,15.4563342089844,9.44440435058596,155.131390490028,299.330822042921,0
2018-09-07,102114.409960625,0.868702483520508,2.81826377075195,1.75846489990234,13.7143692285156,8.53336681152346,169.749034648319,280.70953319021,0.01654052734375
2018-09-08,102453.03398,0.355515227737427,2.73231503662109,-3.17818028076172,12.1138298657227,2.42685617187502,184.126236106061,277.590634139914,0
2018-09-09,102946.983369375,0.558962387542725,1.37900605102539,0.654126029052733,11.7444569165039,4.27754225097658,164.563887317936,326.336534136907,0.491749877929689
2018-09-10,102237.222503125,0.421000630111694,1.51499182128906,1.93112550415039,15.6411103564453,11.7496138769531,125.498285898662,334.216103748483,0.00146759033203125
2018-09-11,101466.69964625,0.95780232345581,3.69480361816406,1.23869188964843,15.9548795361328,11.6101885791016,129.703951025675,327.902221526526,3.29425659179688
2018-09-12,101113.7668475,0.775493794250489,1.0770307824707,1.07220013916015,13.5937571264649,9.48661888183595,44.0682075398372,348.72873579559,5.20756317138673
2018-09-13,101228.28182625,0.96488078918457,-2.67234299194336,-3.59216544311523,10.1718919360352,7.98294791503908,28.2429150955274,353.726103399479,13.1946710205078
2018-09-14,100533.612803125,0.952898754043579,-3.7677248071289,-2.6447760168457,10.1656117358399,9.20019668945314,44.1787729527701,344.26885327658,5.86913208007812
2018-09-15,99810.663321875,0.928772631072998,-0.258095773925781,-1.10027237304688,10.3666798388672,9.15483769531252,101.541097531595,320.95505431267,1.21298736572266
2018-09-16,100577.704295,0.548978538742066,0.251959284667967,0.846986345214842,10.9772364086914,9.63481522216799,118.280984735449,311.56622632865,0.264667358398438
2018-09-17,101412.676943125,0.748578219985962,0.484252864990232,2.06601524047851,11.7652377001953,8.88847042968752,34.0954940131967,367.183536055054,1.86493011474609
2018-09-18,101442.499519375,0.829343514099121,-0.607360361328125,3.89492098510742,14.7081766650391,13.5227747729492,122.622011237037,341.038557287719,0.164970703125001
2018-09-19,101324.17502625,0.691222824935913,-0.658261049804688,3.2534096496582,15.0305421142578,12.143704663086,38.4929504801063,354.748582209937,5.24701293945312
2018-09-20,100859.47246375,0.952172422409058,-0.492749837646486,1.46193298950196,12.3820692333985,9.8955688989258,74.7272384071138,341.336992501188,1.40654418945313
2018-09-21,100564.85915625,0.835461688308716,-4.12698548095703,-0.203077904052733,13.6545779858399,10.3099796337891,67.5797853970923,338.971445244972,0.617088012695314
2018-09-22,101355.463179375,0.904636927032471,-2.82466450073242,-1.70338268920898,12.1971695019531,8.34370565917971,58.2625996989651,331.742861122768,0.762398681640625
2018-09-23,101217.0505925,0.938495374679565,-3.17197408569336,-0.467605559082032,10.5418986425781,6.33938114501955,43.8705433723781,341.947671752896,10.9638415527344
2018-09-24,99972.496815625,0.95843766784668,-4.51664812377929,-2.41752634765625,9.63893786132814,8.33938459472658,29.030334788726,338.984919373563,2.16249847412109
2018-09-25,99785.31366,0.989478207702637,-0.658209450683593,-3.92654751831054,9.29145550292971,6.95621244140627,59.7678372135657,323.178263722693,2.61699523925782
2018-09-26,99108.0613375,0.987736093215942,-0.749240998535154,-0.825297479248047,8.66269642333986,6.41822783447268,51.0723212225366,321.25245225243,3.9359408569336
2018-09-27,99078.12851,0.730204679718018,0.251010133056639,0.182079495849608,8.41131760498049,6.61161365966799,36.259011592379,320.878523613683,8.25000915527343
2018-09-28,98715.05293375,0.935621095809937,-2.49004977539062,2.35729388549804,8.4120463232422,7.47379683837893,76.4187834116899,312.245969615306,10.7657705688476
2018-09-29,99347.46872625,0.612475082626343,3.02699418579101,4.38457209716797,9.29186661132814,6.32347813964846,72.8043642987806,310.985159629482,7.98005157470702
2018-09-30,100623.959170625,0.914468577651978,-0.366633894042971,5.13187681884765,10.0276895922852,8.10447611083986,56.0392921556437,344.380649385376,10.6419903564453
2018-10-01,101331.866054375,0.978573009643555,-0.497551403808593,1.50936206054687,10.6991507910156,9.59897498291018,19.0490950428643,340.259367517549,13.4934503173828
2018-10-02,100892.781319375,0.861307869262696,1.61980560424804,-0.242750642089846,9.09115900146486,7.78708615966799,81.6144689309561,294.188591201135,0.0751147460937498
2018-10-03,101994.94093875,0.761366851882934,0.881496667480468,1.0710378527832,8.34512439941408,4.8148751489258,23.9644526015467,348.303931441417,2.78769226074219
2018-10-04,101884.258641875,0.864442447357178,1.76816783081054,1.91851639770508,10.6748683300781,9.87167222412111,49.5189403174751,326.76455508254,0.822871398925781
2018-10-05,101434.30734125,0.877642473068237,3.31087079345703,2.53962094360351,11.8563780712891,9.77213329833986,68.6044842956574,300.816061934931,0.0138940429687501
2018-10-06,102123.394235,0.648919806594849,-1.44900564575195,-3.3132444946289,7.35796576660158,2.08008680664064,109.880334418405,240.562274314642,0
2018-10-07,102945.106595,0.414185585021973,-0.785846195068356,-2.36784505737305,5.10674005615236,-0.144037807617168,69.2691015431936,267.461375720229,0.0029351806640625
2018-10-08,103181.63114,0.915366732254028,-2.32134520629882,-1.73780780029297,4.73996614501955,1.06406426269533,33.3806891685118,308.4834877397,2.99527770996094
2018-10-09,102429.037263125,0.984090927963257,-5.41234545166015,-1.80175251342773,5.59067398925783,3.00531274658205,7.80020158025401,333.833417068374,16.2599462890625
2018-10-10,101829.830774375,1,-5.06976841552734,-1.48209796264648,6.09661525634767,5.19518514404299,11.7931613599168,347.629235145577,8.26138763427735
2018-10-11,101951.030158125,1,-3.19434904052734,1.57479864746093,8.65123656494142,8.04788946289064,45.810082837808,343.728163452088,5.02797393798828
2018-10-12,101808.793036875,0.89417726890564,-3.01514837402343,1.85952847290039,11.1233245727539,9.9310475708008,35.705136587343,341.875174474711,6.45394470214844
2018-10-13,102019.346570625,0.891375772476197,-0.19239349121094,2.70578855834961,10.9399338623047,10.2853851855469,12.0859076864997,353.050480763224,10.520061340332
2018-10-14,102140.4887675,0.985277055892944,-0.107841270751953,1.50356884887695,10.5003679492188,10.1704080883789,24.8368905759299,341.264890600642,0.403123779296875
2018-10-15,101239.772105625,0.583249402313232,3.20718936889648,4.30688021362304,11.3867827905274,10.304742319336,78.8938035775195,277.307078210096,0
2018-10-16,100637.054235,0.452750287475585,3.79241017700195,2.82110868286133,9.25673188476564,5.66758859619142,82.3413183343643,258.272439102884,0.0392651367187499
2018-10-17,99726.450446875,0.355372210617065,4.53063483764648,1.41823644287109,7.12106488769533,2.36192074951174,81.4159637563855,245.591430470305,0
2018-10-18,100695.496658125,0.0450325573730468,1.48357591186524,-3.16887165161133,5.62020136474611,0.585919443359394,70.2878666956993,252.109598724057,0.10763916015625
2018-10-19,102179.3397375,0.418107719573975,-1.70778892333984,-4.44606010620117,4.41690208007814,-1.26661528808592,78.142710508571,234.55563559935,0
2018-10-20,103034.938445,0.5119282421875,-0.193813546142576,-2.63837313964844,2.45480329833986,-2.11169730712889,65.3386507785646,253.222109858379,0
2018-10-21,102798.96748375,0.369590538711548,0.776508980712892,-2.47731212036133,3.56989074707033,-0.372799184570293,70.1352094457309,240.091170954545,0
2018-10-22,102376.054525,0.551612157516479,0.573279178466799,-0.768220333251953,2.98553257812502,-0.485995903320292,32.1113152745908,278.160489939325,0.578091430664063
2018-10-23,100657.280758125,0.939203339233399,1.09278396728516,0.875910917968749,3.0001880004883,1.99948707519533,53.4713795780678,263.539628715499,0.48291015625
2018-10-24,99697.967109375,0.261143015289307,0.349040913085938,-5.85441767333984,3.93221641601564,-2.76736389892576,62.3372443091341,230.939697553642,0.0250189208984374
2018-10-25,100149.1418525,0.373318586959838,0.00194311157226656,-6.28398583984375,1.53113053710939,-6.07335474853514,18.1142502163743,298.481806401034,0.669195556640626
2018-10-26,99942.297458125,0.875507435531616,-1.70359686767578,-3.9025985571289,2.85717555175783,0.277974682617206,24.2637548961923,297.712186286755,0.2923583984375
2018-10-27,100658.729310625,0.763722735290527,-1.05316493652344,-2.87061300659179,3.15664878417971,0.520221606445333,57.0615341661847,244.070637405624,0
2018-10-28,101403.06832,0.446824119949341,0.595663043212892,-1.77671325927734,1.29776498535158,-1.03652505859373,44.7713653367701,269.767798375035,0
2018-10-29,101453.994654375,0.993880880279541,0.691649775390625,0.536176772460938,2.1187224560547,0.641671789550798,44.0346772405289,266.575353395072,0.0250189208984374
2018-10-30,101311.4069825,0.761243013687134,0.0655345544433601,-0.688894986572265,2.19394133056642,0.774971320800799,35.1338068921549,283.041192695391,1.46737976074219
2018-10-31,100569.390016875,0.892272220382691,2.48920780029297,1.79173655883789,4.63794534179689,3.62397251708986,32.7755736481792,270.404811484139,0.131503295898437
2018-11-01,99319.420161875,0.878859680786133,3.55745385498046,3.20918850463867,4.39893925781251,2.10994220214846,25.6907325272294,249.333455108667,0.978673095703121
2018-11-02,98257.841130625,0.779821093978882,2.1287685559082,1.46335571289063,1.79287225341798,-0.36158982666014,39.0200448130875,232.123519833233,0.0296075439453126
2018-11-03,98907.61408,0.463968930130005,0.855403223876954,-2.70488958129883,-0.158198911132796,-2.95737050292967,48.0225490219827,228.43356652469,0
2018-11-04,100600.7311675,0.54801564453125,0.594970791015627,-1.43870249145508,0.19167930175783,-3.81987449707029,12.1944248631165,309.355268884685,4.00988586425782
2018-11-05,100734.2491375,1,-0.68821445678711,1.85344732177734,3.07723560058595,1.72506172363283,7.57897783590257,346.48023359447,10.2706353759766
2018-11-06,100186.77019125,0.995137436981201,1.80160174804687,1.61075131958007,6.47227925781251,6.17379082519532,32.1043532622266,305.878851738014,0.353931884765625
2018-11-07,100792.414525,0.893396393280029,-0.185730924072266,0.929143660888671,4.6337271826172,3.97664367675783,11.0735396872978,318.756513812482,4.67282897949219
2018-11-08,100520.930933125,0.788377768859864,0.50830526245117,1.09942444580078,4.54154284179689,4.00955629882814,26.9378882363785,286.15597773232,0.0988714599609375
2018-11-09,101008.740175,0.9849240650177,1.28929314697265,0.516794970703122,2.90510710205079,2.24934093994142,19.2147919326871,306.715780865637,0.0906427001953126
2018-11-10,101188.357733125,0.994277912521362,0.875646997070312,0.170111903076172,2.60858352294923,2.3809607763672,4.08296721464688,332.028405318553,3.55327758789063
2018-11-11,100956.679449375,0.999961108856201,1.01956470703125,3.1794489477539,5.75164274169923,5.4011413208008,14.4832157611655,312.838880576972,0.703747558593748
2018-11-12,100895.15845,0.919167460174561,0.850660633544922,1.17668228637695,5.82376035156252,5.16508149658205,3.71501759601705,313.782169133823,13.1092614746094
2018-11-13,100333.58736125,0.794136442260742,1.30018723632812,1.49348318847656,4.07820283691408,3.42231223144533,26.4036714170155,249.568905810973,0.479948120117186
2018-11-14,101018.502134375,0.570115892715454,2.22475100708007,1.6836950390625,1.40769926757814,0.235980769042984,25.8722990410957,256.326899521048,0
2018-11-15,102062.798485,0.699132776641846,0.519140548095705,-0.550065181884765,-1.97356311035155,-2.93936633056639,7.57084652024627,314.124914139102,5.37662597656251
2018-11-16,101984.77913875,0.999002370529175,0.696767032470701,3.87856491943359,3.83326666992189,2.65016062500002,3.40409337953648,322.488562039542,11.7991296386719
2018-11-17,101274.155391875,0.902653435134888,-0.392430340576173,2.8287296508789,3.33557965576173,2.48639562988283,19.4440009779315,291.604987962416,0.228016357421875
2018-11-18,101464.41029125,0.900287233734131,0.912261921386716,3.47328734252929,3.48837903320314,2.46509025878908,5.94422688540917,301.428450697148,2.53000061035156
2018-11-19,101584.31321875,0.654677754211426,1.26464352539062,3.996320546875,4.35736653320314,3.42410493896486,18.4172403319439,285.425455441315,0.346984863281249
2018-11-20,102166.687134375,0.926386819992066,1.02792571411133,2.30979100097656,2.1982706982422,1.44694188232423,3.77204299816632,314.955961905833,6.94060485839844
2018-11-21,101346.465399375,0.689760928421021,1.40227128295898,2.84471394409179,4.14318610839845,3.21917895019533,21.7077607736803,273.549157873625,4.82177734375
2018-11-22,101132.7518375,0.921648389816284,0.158758073730466,3.78273477416992,3.20690347412111,2.12505669433595,23.7134878306271,276.446194127942,1.8530224609375
2018-11-23,100843.56686,0.620538956298828,2.16338991699218,3.86740264404297,4.74725599365236,3.62806475585939,12.8094390466314,298.517737410608,6.56314819335936
2018-11-24,100247.137411875,0.75439043334961,4.23654494995117,4.59969946044922,6.57044768066408,3.98341987304689,3.59523997891953,323.551400658015,4.49713928222656
2018-11-25,100494.951146875,1,1.14845162963867,4.66763139038086,6.70538726318361,5.81819445068361,9.3467349618,300.611717117972,1.51942810058593
2018-11-26,100466.054686875,0.795279996643067,3.81238215332031,4.50484068237304,6.1333487060547,2.93953962646486,16.4562658518368,261.822350031093,0.215814819335937
2018-11-27,101918.2307875,0.757714580841064,3.7299701208496,3.87337264404297,4.96291976562502,1.93045748535158,3.97911848083129,321.37854548212,2.40945007324218
2018-11-28,100716.21394875,0.713462399902344,4.44398213378906,6.06454675292968,7.18057048095705,4.83920541503908,19.2625709973504,239.660757357902,0.0029351806640625
2018-11-29,100826.82043625,0.171603533325195,4.39995877441406,0.155733708496093,4.31135689941408,-1.43182970458983,15.2284978691965,259.787843843536,0.00694702148437505
2018-11-30,101634.16941125,0.558801985397339,3.30490596313476,2.57375656738281,4.31751053710939,2.3194359716797,18.8720023644602,237.794639377739,0
2019-08-01,101730.7642175,0.646254988708496,0.883251710205078,-0.697828208007812,17.1617224975586,11.2299616210938,254.686109639347,335.961152297188,0.000183448791503906
2019-08-02,101404.94048625,0.193866125640869,0.670083095703122,-1.07070359497071,19.9959702661133,12.2051660791016,218.255241337091,348.836674068707,0.066421279907227
2019-08-03,101259.350348125,0.465635341720581,-0.415787410888671,1.10271339477539,19.0941986376953,14.2056500195313,203.902805144706,354.679352960231,0.733762512207031
2019-08-04,101003.36535375,0.560188936691284,0.321833254394529,1.30747967895507,18.6057269580078,13.8148080395508,195.879799731767,345.131144706387,0.263210906982423
2019-08-05,100741.035183125,0.755618376541138,1.12138583374023,3.24966697143554,16.751329819336,12.2546594238281,134.535430687956,351.060119508276,4.06051361083984
2019-08-06,100342.139754375,0.564913739395142,1.5720251171875,3.16520755615234,16.2771017553711,13.7546194970703,240.674847430572,326.990049758721,0.653433837890623
2019-08-07,100072.92829875,0.70782287979126,0.813134630126952,1.12327431640625,17.4823259423828,11.2243380297852,36.6735970464448,355.83143794729,39.6454379272461
2019-08-08,99351.177,0.908535192718506,3.39314553466797,-1.50323844238281,13.8117817553711,12.3881370605469,192.2129575262,331.859160402201,1.35652359008789
2019-08-09,100166.947704375,0.825106030807495,0.381922772216796,-0.710969595947268,15.9440878857422,11.6094437036133,165.124922972303,330.254846000253,0.0399453735351565
2019-08-10,100987.73735625,0.650173793182373,0.098565073242186,0.238048114013671,14.783022944336,9.3681019848633,131.612058679947,347.648838338677,2.01073333740234
2019-08-11,100711.004043125,0.883158487854004,0.105506870117186,2.29075292114258,15.5955702954102,12.3366210888672,172.17582561631,348.442087481675,2.94153244018554
2019-08-12,100399.8050775,0.630006800613403,2.77264714233398,3.50740152832031,15.7819353833008,12.8468502954102,187.955922698751,331.037818763536,3.82912460327148
2019-08-13,100340.547903125,0.907087082672119,1.98562964233398,-0.372348674316408,15.7893882080078,11.9880315454102,209.505438550356,324.181878895346,0.162998657226563
2019-08-14,101766.059933125,0.524311018829346,-0.198183060302734,-2.51365029663086,16.4933331933594,9.99862639404299,177.968199992209,335.164110881451,0.0850898742675781
2019-08-15,102276.729218125,0.676258835601807,-0.492157032470704,1.11775445068359,15.1649229223633,9.57532473388674,124.399717277951,339.326438660755,0.517025451660155
2019-08-16,101592.6181175,0.616943945922852,0.819203867187499,1.48088918334961,14.5805675317383,10.5942265795899,183.290579392804,326.23280534379,0.0668157958984375
2019-08-17,101208.818546875,0.510979194717407,0.31111856201172,-1.91368627075195,15.5925406445313,9.96138303466799,205.424596134961,313.468980740361,5.52528793334962
2019-08-18,101273.81234,0.600171416778565,0.185707839355466,-0.483975607910157,14.2874784448242,8.79425299560549,48.9931916432794,365.72392436143,8.44679809570311
2019-08-19,100522.71529,0.660262904281616,2.4954189880371,3.2478465258789,14.8554162060547,13.305065456543,219.052047812171,308.046439715763,0.298420715332031
2019-08-20,100562.153599375,0.154571456298828,3.8393763696289,2.57036312988281,15.5187255273438,9.95857437744142,207.416867078126,312.919397526407,0
2019-08-21,101224.917849375,0.851118648986816,0.937655288085936,1.70182045776367,15.7181472753906,10.4114187329102,52.745993877848,361.583495833676,10.7902377319336
2019-08-22,100808.32928625,0.846183854827881,-0.665362004394532,3.84743987915039,14.6514762548828,13.2783278930664,147.543996894124,341.126983686222,1.66492370605469
2019-08-23,101326.358580625,0.664087769317627,2.12880784912109,3.99367965332031,15.4546845605469,13.3293448925781,157.761326867993,331.972200064263,0.349010009765624
2019-08-24,101850.537289375,0.773533098602295,1.48569163696289,3.13420353759766,15.5374309790039,12.128292980957,82.3647302372344,354.965946518609,10.2325039672852
2019-08-25,101178.549995,0.794767773132324,0.0166243591308587,1.31850054565429,15.1490873803711,13.6496773852539,207.731836093183,320.638035876112,1.68180206298828
2019-08-26,100653.713730625,0.77366547531128,2.37110954101562,2.74747174194336,15.1124268359375,11.2015632714844,62.75337737747,353.291690752392,17.4354083251953
2019-08-27,98604.1143884375,0.876515255432129,-0.509614375000003,2.23566821411133,12.4325751416016,11.6008605957031,170.477380940089,325.578139618677,1.75960418701172
2019-08-28,98523.370814375,0.639831717376709,1.15050559936524,-2.23731267944336,14.2752846069336,8.92231463378908,207.901074789166,286.482167839723,0.440127563476562
2019-08-29,99615.182068125,0.482364570999145,2.08846619384766,-2.59718324707031,13.051748203125,4.35382687500002,153.983113323851,301.383179483454,0.248928527832032
2019-08-30,100936.564353125,0.688763948898315,0.756212677001953,-3.3669721496582,12.2286758251953,4.17819302490236,166.694997441859,298.01525225415,1.24724395751953
2019-08-31,101632.770655625,0.731989727706909,0.582704261474608,1.05404911376953,11.3560506030274,4.9923760839844,54.6691107120217,345.653063278227,8.69828033447266
2019-09-01,100110.27481125,0.704013886795044,1.93508995483398,3.24743404785156,12.0912840136719,10.6375290673828,140.258558036378,302.670090082313,1.93769958496093
2019-09-02,99821.7485975,0.550761330871582,2.11468628540039,0.0818868432617174,12.0511139453125,8.44890490722658,196.510939065162,294.683946286029,0.0487948608398438
2019-09-03,101130.963336875,0.336957083969116,1.56721221435547,-1.47543778442383,13.3352110180664,7.56254282226564,149.709118976446,323.312639734651,0.806171569824219
2019-09-04,101812.3210925,0.863376224441528,-0.107800347900391,2.21184985351562,13.2895385913086,9.6314096020508,63.6552271340928,372.911498720291,8.4590951538086
2019-09-05,100915.71711375,0.972463923416138,0.90266807861328,4.0646301953125,15.5901652050781,14.5735268334961,175.879269171957,311.710606003754,0.554050292968748
2019-09-06,100427.330715,0.287786481628418,3.5343311328125,3.31552673461914,13.4164914746094,9.53470976806642,135.535069565713,307.581171027686,0.563977050781248
2019-09-07,100116.83123375,0.680206881866456,3.79801608520507,2.40428753662109,12.5226456860352,7.34060531738283,147.465861929035,301.0701181418,0.444588012695312
2019-09-08,100797.851033125,0.626571105346679,4.2779578125,1.95806417480469,12.688585131836,7.17522716796877,161.832174857277,301.664033192001,0.0250189208984374
2019-09-09,101603.48190125,0.386946878738404,2.996516640625,2.61291948730469,13.2871311645508,9.21531278320314,98.0636516445454,333.535598625058,3.32404663085938
2019-09-10,100681.9188175,0.716678892440796,2.39119723266601,4.99279156738281,12.8511696264649,10.6410630810547,174.588388678199,273.757583518778,0.0125094604492187
2019-09-11,100800.686169375,0.135898996124268,4.6600404296875,0.371936149902343,11.2516550292969,4.21767388671877,167.747828360151,291.919636503511,5.29132873535156
2019-09-12,101261.44571625,0.745369786148071,2.150023046875,2.51540971923828,11.0856623901367,5.78996687744142,59.2271037742743,344.201932055692,3.15568634033203
2019-09-13,100155.7280825,0.511981490020752,2.10621725830078,1.33527198242187,13.4768555566406,10.8706977539063,156.365780337004,279.749341054123,0
2019-09-14,101523.480254375,0.541149754562378,-0.341637482910156,-0.667283536376952,10.6335698046875,5.27678849365236,101.829190348705,327.204672023915,1.48395141601563
2019-09-15,101078.14997625,0.976612880630493,-1.55431730224609,2.67595586914062,11.8965994335938,8.65471387939455,34.834317338316,334.917023916573,11.9188479614258
2019-09-16,99664.69634875,0.702503499145508,-0.28997913574219,3.79131950927734,11.4166097998047,10.493206237793,35.9779504764976,350.217607567803,26.0206558227539
2019-09-17,98035.855645,0.977466268615723,-1.6197777722168,8.22270417236328,11.6800186035156,10.5853459838867,52.1254197555495,346.730839491442,17.4637353515625
2019-09-18,97781.225965625,0.922716900100708,1.57971705566406,7.84613910522461,11.3285777783203,10.1627005371094,116.770388052364,301.477610265029,0.599582824707029
2019-09-19,98819.716189375,0.868534662017822,2.55223581542968,4.47073002319336,10.5806838232422,7.22333284912111,111.123504114142,303.826693882596,2.42467468261718
2019-09-20,99158.46821125,0.649271450881958,0.202628489990233,2.64110116210937,9.80029395263674,7.46776196289064,86.0292172436308,322.255223810566,8.09170166015625
2019-09-21,98541.645823125,0.891084592437744,-1.02166035644531,1.68874509521484,9.01641180175783,7.04445624511721,63.0776951299768,317.962656195624,8.04846954345704
2019-09-22,98265.809700625,0.892380080490113,1.63151251586914,-0.0458914843750021,8.01760895996095,6.15898575683596,133.236700952517,278.95946376179,0.334526062011718
2019-09-23,99463.456780625,0.557478883743286,2.54257252929687,2.65127631103515,9.11911125000002,5.87607750732424,94.5588213523202,302.439835230029,2.12189392089843
2019-09-24,100170.162885625,0.639773522338868,1.03664702270508,2.61406531127929,9.57565468261721,7.54127458007814,88.6391728286298,303.335284040757,0.244498901367187
2019-09-25,100947.035540625,0.547232784423828,0.751966827392579,0.103958289794921,8.67924967285158,6.98278785156252,129.55239291606,271.341518947011,0.0148037719726563
2019-09-26,101918.72234,0.165126453475952,1.60831236572266,-0.379032152099609,8.67613456054689,5.00320040527345,133.172653804691,266.085834159976,0
2019-09-27,102243.6345325,0.149533082504273,0.521906561279297,-0.355463260498048,8.74151908203127,5.10287854492189,88.422109082814,301.487776305895,0.017181396484375
2019-09-28,102070.389558125,0.998626950149536,-0.787855020751951,-0.228479617919921,8.24848284667971,5.69130076660158,63.6613661541542,322.5459088638,7.48516357421875
2019-09-29,101387.300274375,1,-3.37207774414062,-1.57380482666015,9.33999090576174,7.28934828125002,22.0454066400141,350.725441226083,14.5195977783203
2019-09-30,100952.58645875,0.98638885093689,-1.59231681030273,-1.21868430664063,9.1891002270508,8.93070615966799,26.785385297467,354.589725732521,5.48072204589844
2019-10-01,101008.7458175,0.979906620025635,-0.491205098876953,-1.82783981933594,9.77097354248049,9.18536251220705,34.0416441951148,342.195327013869,8.02132202148439
2019-10-02,101199.68764625,0.965545679016113,-1.85293213500976,-1.30604740356445,9.43568585937502,8.86996330810549,24.2459335098728,346.521821253906,12.20787109375
2019-10-03,101535.980775,0.952405591278076,-2.60284071533203,-0.989742646484376,8.89942902587893,8.49555045654299,27.8680916422801,339.142757540226,5.32527526855469
2019-10-04,101985.08024625,0.952479084625244,-1.99118678222656,-1.11262433227539,8.22189160400393,7.45720419921877,54.9569626995867,322.673866152093,0.0789794921875002
2019-10-05,101872.137459375,0.709046745681763,-1.45540668457031,0.241764868164065,8.45420562255861,5.95669934570315,59.3999515949134,314.742119492216,0.50923828125
2019-10-06,101220.59563,0.817086433410644,-1.66892449829101,-0.304417478027343,7.67639871582033,4.41791087158205,57.6371926302195,308.460231570108,5.48568664550781
2019-10-07,99704.417615625,0.93219142364502,-3.611985859375,-0.509325487060546,5.69156380371096,3.24959020263674,77.5614480168792,286.646366418962,0.543817749023437
2019-10-08,98972.938584375,0.694085708084107,-0.396029964599608,-0.87411219970703,4.18251158935549,0.692873930664083,58.7286226460361,283.577022314186,0.475359497070311
2019-10-09,98442.593591875,0.994040324325561,-1.05286874511719,-5.48205660034179,5.35867404052736,-0.203376684570293,80.0943855549145,268.382755425533,0
2019-10-10,99264.293241875,0.800175218505859,1.37566641845703,-1.69347875976562,5.80629065429689,1.14559165283205,94.805585828422,249.697348550947,0
2019-10-11,99830.41987,0.240249846572876,1.88694907226562,-0.1306028515625,4.33673970703127,1.47932655273439,93.8828339161938,246.299915909806,0
2019-10-12,100613.551625,0.147333451461792,0.447484038085939,-0.770028048095703,4.6393974169922,1.95169492431643,85.6221534461766,255.461093603589,0.0279541015624999
2019-10-13,101660.3125475,0.128671164093017,-1.44042690917968,-1.65829309814453,3.77749583496096,1.60448541992189,67.2939930236172,279.625287290383,1.38836242675781
2019-10-14,101707.12035875,0.895692374572754,-3.33657625732421,-2.03394169799805,5.23434410888674,2.6316676879883,7.99839528826756,345.659522535213,17.9494854736328
2019-10-15,99566.13981375,0.919948588180542,-0.382115233154297,0.83548391235351,7.49225846191408,7.11833619384767,25.3698982697926,324.06493647725,11.0829327392578
2019-10-16,98909.48113875,0.986019000701904,-0.740961395263674,4.19323847290038,7.37351618896486,6.82863459716799,40.6540730379093,320.299814009981,8.51958923339843
2019-10-17,98653.873768125,0.81757343132019,0.467979183349607,2.72571470703125,7.45508497802736,6.55566871093752,74.3294245027,264.115199949935,0.0529730224609373
2019-10-18,100158.217823125,0.425007315979004,2.53142573364258,-0.724042635498046,5.33819419921877,1.54122805664064,73.7616129099772,241.347200379089,0.0250189208984374
2019-10-19,100670.596641875,0.776697975387574,1.12290028808594,-1.89728148071289,2.21109453125002,-0.794350678710919,77.8351574316446,225.804723361154,0
2019-10-20,101987.713298125,0.295600725708008,2.30360557617187,-1.53218369506836,1.42149348876955,-4.00893191162108,74.7874998377537,235.601250164627,0.0500378417968748
2019-10-21,103198.31892625,0.745588913650513,2.11881162353515,2.35681038330078,2.90031930175783,-1.33366206298827,52.0060254272059,308.925893509899,0.16644287109375
2019-10-22,102304.768074375,0.958756993560791,2.38181490722656,4.42102009033203,8.26572329345705,6.43680399169924,55.3954891230032,298.004664287506,0.315274658203124
2019-10-23,101825.7788725,0.456338641052246,3.14325422363281,0.535025842285156,8.66673853515627,5.48680993164064,68.3358899013138,267.789888078667,0.0838623046874997
2019-10-24,102114.677936875,0.617512741394043,0.93165052001953,2.05205490844726,6.41340392333986,3.99280127197267,6.66164198102712,340.669155106637,6.91294006347656
2019-10-25,99949.85497875,0.753933089370727,2.4915156286621,5.92669634887695,9.14684294433595,8.20297261962893,44.904545971372,276.036096494519,0.0500378417968748
2019-10-26,99877.86222875,0.94071901763916,2.42573669189453,2.2533820336914,6.19734114501954,4.50326594726564,37.8509510616457,284.302435984767,0.350264892578124
2019-10-27,100389.94641625,0.804225003585815,0.877366025390626,-1.53302520263672,2.90787810791017,1.19083594482424,49.5549322455466,283.066386879115,2.15959411621094
2019-10-28,98698.4802525,0.815262568130493,3.83828584716796,2.29040559692383,6.38234919189455,0.780645002441422,61.3905239312687,218.568994945168,0.06103515625
2019-10-29,100117.67308625,0.373260617675781,4.48288407104492,-3.86171955200195,-1.07307724853514,-10.7965000830078,49.0708212455834,233.963413941146,0.0029351806640625
2019-10-30,101110.378280625,0.392704617156983,0.749599063720706,-4.32497419555664,1.34034877929689,-5.39871734130858,51.0859311733014,249.218231445522,0
2019-10-31,101914.799826875,0.626484450454712,1.39008734008789,0.112878303222657,1.78691345214845,-1.00659101318358,40.6203742053269,266.208906590728,0.005870361328125
2019-11-01,101279.61860375,0.836601480331421,2.85750973022461,1.33551622192383,4.02532076660158,2.15821717529298,30.5420256343883,289.651983612836,0
2019-11-02,101151.63983,0.986921691055298,3.24087070190429,2.34754738159179,7.2115326513672,4.52862499755861,45.1436233390686,288.224205745044,0.821845092773436
2019-11-03,100215.339083125,0.506264279785156,4.1194514880371,5.42423464111328,7.73655994140627,5.64477290039064,42.0412154237092,268.271469420261,1.37897583007812
2019-11-04,99241.955959375,0.595365501403808,2.06286579101562,2.57251411132812,3.56760267822267,1.25091587890627,26.8332809843114,273.688961320711,0.267428588867187
2019-11-05,99439.163183125,0.878861181182861,-0.256184139404295,-1.4114501550293,0.0668074194336123,-1.28849117187498,25.8400999413186,271.378507141398,0.417363891601562
2019-11-06,99918.89170375,0.917826056900025,-0.472370675048826,-0.107606281738279,0.00647858154298586,-2.95348177490233,38.6540142456341,243.917701163161,0.0809271240234372
2019-11-07,100438.365894375,0.640874552078247,0.350169207763674,-0.999806623535155,-0.618652260742171,-2.95687098632811,36.1498800159785,229.972158220142,0
2019-11-08,100854.331643125,0.169014887008667,1.57076376342773,-1.03220396362305,-2.07455223144529,-4.66020840820311,41.570524507911,215.975884628314,0.0250189208984374
2019-11-09,100900.938875625,0.330956137084961,0.286523269042971,-0.268507850341798,-1.15735051757811,-4.27430405029295,8.32777188343808,297.175008401768,6.68920043945312
2019-11-10,99547.62879625,0.999017521514893,-3.64262048339843,-1.83097055908203,0.040680019531266,-1.12834259765623,7.66579024978903,312.567252346659,6.30693176269531
2019-11-11,98966.585105625,0.999950101928711,-1.53716599243164,-4.93885458618164,0.974923645019549,-0.527800578613265,16.7593925006918,287.472502780014,1.96867309570313
2019-11-12,99533.44124125,0.996544471969604,-0.388619996337889,-3.37542634765625,-0.399073657226544,-2.72546320068358,18.9917799815577,278.136903814294,3.25424438476563
2019-11-13,99430.255265625,0.993618978652954,-0.425096937255858,-3.02564967163086,-2.44885694091795,-4.91755549804686,25.0191708080636,243.187373242459,0.8868408203125
2019-11-14,99465.0428075,0.607888462982178,1.00297125854492,-2.68831679565429,-3.62517709472655,-7.48305711425779,31.8681127527907,221.539182699662,0.406173095703123
2019-11-15,100625.21156875,0.550632954711914,0.166915917968749,0.292844670410154,-4.77801729736327,-6.68363915039061,11.6660789750202,316.522698421008,2.5872686767578
2019-11-16,101067.196569375,0.995157528457641,1.72631028564453,5.14034487915039,4.90111314941408,3.72568035644533,9.40645310374216,302.896796965475,10.2525817871094
2019-11-17,100872.952650625,0.999235909576416,-1.37631056762695,4.22657713134765,3.11944574218752,1.91955421386721,9.91776267190926,337.441830613026,1.14678466796875
2019-11-18,100837.49698625,0.967346746673584,0.466314085693359,2.48923955566406,6.41919127441408,6.04695244140627,2.70929066114417,336.498515508036,7.67874755859375
2019-11-19,100436.074984375,0.999473938751221,-0.531538205566406,0.186757802734371,5.02215520507814,4.79632422363283,7.7202670306132,329.609652747732,11.2014135742187
2019-11-20,100513.494973125,1,-1.5984567993164,-1.7545715625,4.41242688964845,4.11326461914064,2.91333207080304,325.314445489275,12.0890826416016
2019-11-21,101154.50219625,0.997299070587158,-1.37812764282226,0.338288256835936,3.35609220947267,2.89548404541017,3.98070378397696,320.08444223394,6.95899108886719
2019-11-22,100674.87144375,0.91967017829895,-1.83845998657227,6.17418855102539,5.16988557617189,3.95720265625002,7.71054282662871,338.842774001376,6.95273620605467
2019-11-23,99147.28281625,0.927158084640503,2.31319240478515,6.39617458862304,8.42013496582033,7.53804677734377,23.0618523859288,251.636121201832,0.05462646484375
2019-11-24,100079.568581875,0.032848642425537,3.76859360351562,2.57281776245117,3.59964762939455,1.39200101806642,18.1279642263617,281.592218983208,0.464811401367186
2019-11-25,101126.746413125,0.770606824035645,2.63452788940429,4.30395876220703,5.14405948974611,3.82421816894533,3.37319893115208,345.121189806187,4.96542053222655
2019-11-26,100534.694265,0.939427349243164,3.38562089233398,4.92850936035156,8.22333027587892,7.55203783935549,9.67628080135536,335.859135821987,0.414351196289062
2019-11-27,101409.487250625,0.990317348251343,2.83773116943359,2.52142868286132,7.13368242431642,6.70328672363283,16.8775848146436,281.351248164326,0.00347351074218752
2019-11-28,101636.80183125,0.7996476411438,2.45233174804687,3.65774906127929,5.73215032470704,4.51455971923829,9.85660334528921,314.89997472554,0.374772338867188
2019-11-29,101048.405971875,0.925784235916138,2.24569206176757,3.69132932128906,5.57500678222658,5.06189424072267,18.5040527458304,270.88072005736,0.104664306640625
2019-11-30,100973.30089125,0.565505717315674,3.23161735961914,-0.152586784667969,3.86600977539064,1.92356507812502,17.3117985877262,252.362481123931,0.131619262695312
